#Z                :PC|:OL  sd(:PC|:OL)
    -38.1250       0.0000       0.0000
    -37.8750       0.0000       0.0000
    -37.6250       0.0000       0.0000
    -37.3750       0.0000       0.0000
    -37.1250       0.0000       0.0000
    -36.8750       0.0000       0.0000
    -36.6250       0.0000       0.0000
    -36.3750       0.0000       0.0000
    -36.1250       0.0000       0.0000
    -35.8750       0.0000       0.0000
    -35.6250       0.0000       0.0000
    -35.3750       0.0000       0.0000
    -35.1250       0.0000       0.0000
    -34.8750       0.0000       0.0000
    -34.6250       0.0000       0.0000
    -34.3750       0.0000       0.0000
    -34.1250       0.0000       0.0001
    -33.8750       0.0001       0.0001
    -33.6250       0.0001       0.0001
    -33.3750       0.0001       0.0001
    -33.1250       0.0001       0.0001
    -32.8750       0.0002       0.0002
    -32.6250       0.0003       0.0002
    -32.3750       0.0003       0.0002
    -32.1250       0.0004       0.0002
    -31.8750       0.0006       0.0003
    -31.6250       0.0007       0.0003
    -31.3750       0.0009       0.0004
    -31.1250       0.0011       0.0004
    -30.8750       0.0015       0.0005
    -30.6250       0.0018       0.0006
    -30.3750       0.0023       0.0006
    -30.1250       0.0028       0.0007
    -29.8750       0.0035       0.0008
    -29.6250       0.0043       0.0009
    -29.3750       0.0052       0.0010
    -29.1250       0.0062       0.0011
    -28.8750       0.0075       0.0013
    -28.6250       0.0089       0.0014
    -28.3750       0.0107       0.0015
    -28.1250       0.0125       0.0016
    -27.8750       0.0147       0.0018
    -27.6250       0.0172       0.0019
    -27.3750       0.0199       0.0021
    -27.1250       0.0230       0.0022
    -26.8750       0.0265       0.0023
    -26.6250       0.0301       0.0025
    -26.3750       0.0344       0.0026
    -26.1250       0.0388       0.0028
    -25.8750       0.0439       0.0029
    -25.6250       0.0492       0.0030
    -25.3750       0.0552       0.0031
    -25.1250       0.0614       0.0032
    -24.8750       0.0680       0.0033
    -24.6250       0.0750       0.0034
    -24.3750       0.0823       0.0035
    -24.1250       0.0900       0.0036
    -23.8750       0.0981       0.0036
    -23.6250       0.1062       0.0038
    -23.3750       0.1142       0.0038
    -23.1250       0.1227       0.0039
    -22.8750       0.1310       0.0041
    -22.6250       0.1395       0.0042
    -22.3750       0.1483       0.0044
    -22.1250       0.1564       0.0045
    -21.8750       0.1648       0.0046
    -21.6250       0.1726       0.0048
    -21.3750       0.1808       0.0049
    -21.1250       0.1880       0.0049
    -20.8750       0.1949       0.0051
    -20.6250       0.2019       0.0051
    -20.3750       0.2086       0.0052
    -20.1250       0.2142       0.0054
    -19.8750       0.2195       0.0054
    -19.6250       0.2249       0.0055
    -19.3750       0.2289       0.0055
    -19.1250       0.2337       0.0055
    -18.8750       0.2368       0.0055
    -18.6250       0.2394       0.0054
    -18.3750       0.2421       0.0054
    -18.1250       0.2437       0.0055
    -17.8750       0.2451       0.0053
    -17.6250       0.2465       0.0054
    -17.3750       0.2469       0.0053
    -17.1250       0.2462       0.0053
    -16.8750       0.2456       0.0052
    -16.6250       0.2442       0.0052
    -16.3750       0.2429       0.0052
    -16.1250       0.2410       0.0051
    -15.8750       0.2389       0.0050
    -15.6250       0.2358       0.0050
    -15.3750       0.2329       0.0050
    -15.1250       0.2297       0.0049
    -14.8750       0.2264       0.0048
    -14.6250       0.2225       0.0047
    -14.3750       0.2185       0.0046
    -14.1250       0.2148       0.0045
    -13.8750       0.2108       0.0044
    -13.6250       0.2061       0.0043
    -13.3750       0.2018       0.0043
    -13.1250       0.1976       0.0042
    -12.8750       0.1931       0.0041
    -12.6250       0.1887       0.0041
    -12.3750       0.1851       0.0040
    -12.1250       0.1810       0.0040
    -11.8750       0.1773       0.0040
    -11.6250       0.1730       0.0038
    -11.3750       0.1697       0.0038
    -11.1250       0.1666       0.0038
    -10.8750       0.1639       0.0037
    -10.6250       0.1609       0.0036
    -10.3750       0.1583       0.0036
    -10.1250       0.1561       0.0035
     -9.8750       0.1539       0.0035
     -9.6250       0.1518       0.0034
     -9.3750       0.1501       0.0033
     -9.1250       0.1484       0.0033
     -8.8750       0.1469       0.0033
     -8.6250       0.1462       0.0032
     -8.3750       0.1447       0.0032
     -8.1250       0.1435       0.0031
     -7.8750       0.1426       0.0031
     -7.6250       0.1416       0.0031
     -7.3750       0.1410       0.0031
     -7.1250       0.1404       0.0031
     -6.8750       0.1394       0.0031
     -6.6250       0.1388       0.0030
     -6.3750       0.1382       0.0031
     -6.1250       0.1373       0.0030
     -5.8750       0.1366       0.0030
     -5.6250       0.1358       0.0031
     -5.3750       0.1351       0.0030
     -5.1250       0.1343       0.0030
     -4.8750       0.1334       0.0030
     -4.6250       0.1324       0.0030
     -4.3750       0.1314       0.0030
     -4.1250       0.1304       0.0030
     -3.8750       0.1294       0.0030
     -3.6250       0.1285       0.0030
     -3.3750       0.1273       0.0030
     -3.1250       0.1261       0.0029
     -2.8750       0.1250       0.0030
     -2.6250       0.1241       0.0029
     -2.3750       0.1232       0.0029
     -2.1250       0.1221       0.0029
     -1.8750       0.1213       0.0029
     -1.6250       0.1202       0.0030
     -1.3750       0.1193       0.0029
     -1.1250       0.1185       0.0029
     -0.8750       0.1181       0.0029
     -0.6250       0.1175       0.0029
     -0.3750       0.1171       0.0029
     -0.1250       0.1167       0.0029
      0.1250       0.1165       0.0028
      0.3750       0.1168       0.0029
      0.6250       0.1168       0.0029
      0.8750       0.1171       0.0028
      1.1250       0.1175       0.0029
      1.3750       0.1180       0.0028
      1.6250       0.1187       0.0029
      1.8750       0.1195       0.0029
      2.1250       0.1203       0.0029
      2.3750       0.1212       0.0029
      2.6250       0.1218       0.0029
      2.8750       0.1230       0.0029
      3.1250       0.1239       0.0029
      3.3750       0.1250       0.0029
      3.6250       0.1258       0.0030
      3.8750       0.1267       0.0030
      4.1250       0.1277       0.0030
      4.3750       0.1288       0.0030
      4.6250       0.1296       0.0030
      4.8750       0.1305       0.0030
      5.1250       0.1313       0.0029
      5.3750       0.1322       0.0030
      5.6250       0.1329       0.0030
      5.8750       0.1337       0.0030
      6.1250       0.1343       0.0030
      6.3750       0.1353       0.0030
      6.6250       0.1360       0.0030
      6.8750       0.1365       0.0030
      7.1250       0.1374       0.0030
      7.3750       0.1380       0.0031
      7.6250       0.1384       0.0030
      7.8750       0.1390       0.0031
      8.1250       0.1400       0.0031
      8.3750       0.1407       0.0031
      8.6250       0.1417       0.0032
      8.8750       0.1428       0.0032
      9.1250       0.1438       0.0032
      9.3750       0.1449       0.0033
      9.6250       0.1463       0.0033
      9.8750       0.1478       0.0034
     10.1250       0.1495       0.0035
     10.3750       0.1513       0.0035
     10.6250       0.1537       0.0036
     10.8750       0.1557       0.0036
     11.1250       0.1583       0.0036
     11.3750       0.1611       0.0038
     11.6250       0.1643       0.0037
     11.8750       0.1678       0.0039
     12.1250       0.1710       0.0038
     12.3750       0.1742       0.0039
     12.6250       0.1785       0.0039
     12.8750       0.1828       0.0041
     13.1250       0.1867       0.0041
     13.3750       0.1908       0.0041
     13.6250       0.1949       0.0043
     13.8750       0.1993       0.0043
     14.1250       0.2036       0.0043
     14.3750       0.2076       0.0044
     14.6250       0.2120       0.0046
     14.8750       0.2157       0.0047
     15.1250       0.2191       0.0048
     15.3750       0.2227       0.0048
     15.6250       0.2263       0.0048
     15.8750       0.2288       0.0050
     16.1250       0.2313       0.0050
     16.3750       0.2338       0.0051
     16.6250       0.2363       0.0051
     16.8750       0.2377       0.0052
     17.1250       0.2386       0.0053
     17.3750       0.2393       0.0054
     17.6250       0.2396       0.0054
     17.8750       0.2402       0.0054
     18.1250       0.2396       0.0055
     18.3750       0.2380       0.0056
     18.6250       0.2366       0.0056
     18.8750       0.2346       0.0056
     19.1250       0.2318       0.0056
     19.3750       0.2290       0.0055
     19.6250       0.2249       0.0056
     19.8750       0.2214       0.0056
     20.1250       0.2165       0.0056
     20.3750       0.2110       0.0055
     20.6250       0.2054       0.0053
     20.8750       0.1993       0.0052
     21.1250       0.1928       0.0052
     21.3750       0.1854       0.0050
     21.6250       0.1784       0.0049
     21.8750       0.1707       0.0047
     22.1250       0.1632       0.0046
     22.3750       0.1548       0.0045
     22.6250       0.1466       0.0043
     22.8750       0.1386       0.0042
     23.1250       0.1299       0.0041
     23.3750       0.1219       0.0040
     23.6250       0.1138       0.0039
     23.8750       0.1057       0.0039
     24.1250       0.0979       0.0038
     24.3750       0.0901       0.0038
     24.6250       0.0825       0.0036
     24.8750       0.0754       0.0036
     25.1250       0.0686       0.0035
     25.3750       0.0620       0.0034
     25.6250       0.0559       0.0033
     25.8750       0.0504       0.0031
     26.1250       0.0451       0.0030
     26.3750       0.0400       0.0029
     26.6250       0.0354       0.0027
     26.8750       0.0313       0.0026
     27.1250       0.0273       0.0024
     27.3750       0.0241       0.0023
     27.6250       0.0209       0.0021
     27.8750       0.0180       0.0020
     28.1250       0.0156       0.0018
     28.3750       0.0134       0.0017
     28.6250       0.0114       0.0015
     28.8750       0.0097       0.0014
     29.1250       0.0082       0.0013
     29.3750       0.0068       0.0012
     29.6250       0.0057       0.0010
     29.8750       0.0047       0.0010
     30.1250       0.0039       0.0008
     30.3750       0.0031       0.0007
     30.6250       0.0026       0.0007
     30.8750       0.0020       0.0006
     31.1250       0.0017       0.0005
     31.3750       0.0013       0.0005
     31.6250       0.0011       0.0004
     31.8750       0.0008       0.0004
     32.1250       0.0006       0.0003
     32.3750       0.0005       0.0003
     32.6250       0.0004       0.0002
     32.8750       0.0003       0.0002
     33.1250       0.0002       0.0002
     33.3750       0.0002       0.0001
     33.6250       0.0001       0.0001
     33.8750       0.0001       0.0001
     34.1250       0.0001       0.0001
     34.3750       0.0000       0.0001
     34.6250       0.0000       0.0001
     34.8750       0.0000       0.0000
     35.1250       0.0000       0.0000
     35.3750       0.0000       0.0000
     35.6250       0.0000       0.0000
     35.8750       0.0000       0.0000
     36.1250       0.0000       0.0000
     36.3750       0.0000       0.0000
     36.6250       0.0000       0.0000
     36.8750       0.0000       0.0000
     37.1250       0.0000       0.0000
     37.3750       0.0000       0.0000
     37.6250       0.0000       0.0000
     37.8750       0.0000       0.0000
     38.1250       0.0000       0.0000
     38.3750       0.0000       0.0000
     38.6250       0.0000       0.0000
