#Z                :PC|:OL  sd(:PC|:OL)
    -39.1250       0.0000       0.0000
    -38.8750       0.0000       0.0000
    -38.6250       0.0000       0.0000
    -38.3750       0.0000       0.0000
    -38.1250       0.0000       0.0000
    -37.8750       0.0000       0.0000
    -37.6250       0.0000       0.0000
    -37.3750       0.0000       0.0000
    -37.1250       0.0000       0.0000
    -36.8750       0.0000       0.0000
    -36.6250       0.0000       0.0000
    -36.3750       0.0000       0.0000
    -36.1250       0.0000       0.0000
    -35.8750       0.0000       0.0000
    -35.6250       0.0000       0.0000
    -35.3750       0.0000       0.0001
    -35.1250       0.0000       0.0001
    -34.8750       0.0000       0.0001
    -34.6250       0.0001       0.0001
    -34.3750       0.0001       0.0001
    -34.1250       0.0001       0.0001
    -33.8750       0.0001       0.0001
    -33.6250       0.0002       0.0002
    -33.3750       0.0002       0.0002
    -33.1250       0.0003       0.0002
    -32.8750       0.0004       0.0002
    -32.6250       0.0005       0.0003
    -32.3750       0.0006       0.0003
    -32.1250       0.0007       0.0004
    -31.8750       0.0009       0.0004
    -31.6250       0.0012       0.0005
    -31.3750       0.0015       0.0005
    -31.1250       0.0018       0.0006
    -30.8750       0.0022       0.0007
    -30.6250       0.0027       0.0008
    -30.3750       0.0033       0.0009
    -30.1250       0.0040       0.0010
    -29.8750       0.0049       0.0011
    -29.6250       0.0058       0.0012
    -29.3750       0.0069       0.0013
    -29.1250       0.0082       0.0014
    -28.8750       0.0097       0.0016
    -28.6250       0.0115       0.0018
    -28.3750       0.0133       0.0019
    -28.1250       0.0155       0.0020
    -27.8750       0.0178       0.0022
    -27.6250       0.0207       0.0024
    -27.3750       0.0236       0.0025
    -27.1250       0.0270       0.0027
    -26.8750       0.0306       0.0029
    -26.6250       0.0347       0.0030
    -26.3750       0.0390       0.0032
    -26.1250       0.0438       0.0033
    -25.8750       0.0490       0.0035
    -25.6250       0.0545       0.0036
    -25.3750       0.0601       0.0037
    -25.1250       0.0663       0.0038
    -24.8750       0.0729       0.0039
    -24.6250       0.0795       0.0040
    -24.3750       0.0864       0.0040
    -24.1250       0.0935       0.0041
    -23.8750       0.1011       0.0042
    -23.6250       0.1091       0.0042
    -23.3750       0.1164       0.0042
    -23.1250       0.1244       0.0043
    -22.8750       0.1319       0.0043
    -22.6250       0.1402       0.0044
    -22.3750       0.1481       0.0044
    -22.1250       0.1556       0.0046
    -21.8750       0.1631       0.0047
    -21.6250       0.1708       0.0048
    -21.3750       0.1779       0.0049
    -21.1250       0.1851       0.0051
    -20.8750       0.1911       0.0053
    -20.6250       0.1981       0.0054
    -20.3750       0.2037       0.0054
    -20.1250       0.2100       0.0056
    -19.8750       0.2146       0.0057
    -19.6250       0.2191       0.0058
    -19.3750       0.2236       0.0058
    -19.1250       0.2274       0.0058
    -18.8750       0.2300       0.0059
    -18.6250       0.2333       0.0059
    -18.3750       0.2355       0.0059
    -18.1250       0.2375       0.0058
    -17.8750       0.2391       0.0059
    -17.6250       0.2399       0.0058
    -17.3750       0.2411       0.0059
    -17.1250       0.2407       0.0058
    -16.8750       0.2404       0.0056
    -16.6250       0.2400       0.0057
    -16.3750       0.2390       0.0055
    -16.1250       0.2376       0.0055
    -15.8750       0.2359       0.0055
    -15.6250       0.2337       0.0053
    -15.3750       0.2313       0.0052
    -15.1250       0.2282       0.0052
    -14.8750       0.2254       0.0050
    -14.6250       0.2214       0.0048
    -14.3750       0.2179       0.0048
    -14.1250       0.2142       0.0047
    -13.8750       0.2105       0.0045
    -13.6250       0.2063       0.0045
    -13.3750       0.2025       0.0044
    -13.1250       0.1987       0.0043
    -12.8750       0.1946       0.0042
    -12.6250       0.1908       0.0041
    -12.3750       0.1869       0.0041
    -12.1250       0.1835       0.0041
    -11.8750       0.1797       0.0039
    -11.6250       0.1762       0.0040
    -11.3750       0.1730       0.0039
    -11.1250       0.1701       0.0039
    -10.8750       0.1672       0.0038
    -10.6250       0.1646       0.0038
    -10.3750       0.1619       0.0038
    -10.1250       0.1590       0.0037
     -9.8750       0.1572       0.0036
     -9.6250       0.1550       0.0036
     -9.3750       0.1529       0.0036
     -9.1250       0.1511       0.0034
     -8.8750       0.1495       0.0035
     -8.6250       0.1476       0.0034
     -8.3750       0.1464       0.0033
     -8.1250       0.1450       0.0033
     -7.8750       0.1439       0.0032
     -7.6250       0.1425       0.0032
     -7.3750       0.1418       0.0032
     -7.1250       0.1406       0.0031
     -6.8750       0.1396       0.0031
     -6.6250       0.1388       0.0031
     -6.3750       0.1378       0.0031
     -6.1250       0.1372       0.0031
     -5.8750       0.1360       0.0030
     -5.6250       0.1351       0.0030
     -5.3750       0.1343       0.0030
     -5.1250       0.1335       0.0031
     -4.8750       0.1325       0.0030
     -4.6250       0.1317       0.0030
     -4.3750       0.1305       0.0030
     -4.1250       0.1296       0.0030
     -3.8750       0.1287       0.0030
     -3.6250       0.1278       0.0030
     -3.3750       0.1267       0.0030
     -3.1250       0.1257       0.0030
     -2.8750       0.1250       0.0029
     -2.6250       0.1239       0.0029
     -2.3750       0.1234       0.0029
     -2.1250       0.1225       0.0029
     -1.8750       0.1216       0.0029
     -1.6250       0.1209       0.0029
     -1.3750       0.1200       0.0029
     -1.1250       0.1197       0.0029
     -0.8750       0.1194       0.0029
     -0.6250       0.1188       0.0029
     -0.3750       0.1185       0.0029
     -0.1250       0.1187       0.0029
      0.1250       0.1185       0.0029
      0.3750       0.1185       0.0029
      0.6250       0.1185       0.0029
      0.8750       0.1188       0.0029
      1.1250       0.1191       0.0029
      1.3750       0.1196       0.0029
      1.6250       0.1201       0.0029
      1.8750       0.1206       0.0029
      2.1250       0.1213       0.0030
      2.3750       0.1222       0.0030
      2.6250       0.1227       0.0029
      2.8750       0.1235       0.0030
      3.1250       0.1243       0.0029
      3.3750       0.1252       0.0030
      3.6250       0.1259       0.0029
      3.8750       0.1270       0.0030
      4.1250       0.1277       0.0029
      4.3750       0.1283       0.0030
      4.6250       0.1294       0.0029
      4.8750       0.1301       0.0030
      5.1250       0.1308       0.0030
      5.3750       0.1315       0.0030
      5.6250       0.1327       0.0030
      5.8750       0.1330       0.0030
      6.1250       0.1338       0.0030
      6.3750       0.1345       0.0030
      6.6250       0.1351       0.0031
      6.8750       0.1364       0.0030
      7.1250       0.1365       0.0030
      7.3750       0.1370       0.0031
      7.6250       0.1383       0.0031
      7.8750       0.1393       0.0031
      8.1250       0.1398       0.0032
      8.3750       0.1410       0.0032
      8.6250       0.1422       0.0033
      8.8750       0.1434       0.0033
      9.1250       0.1447       0.0033
      9.3750       0.1464       0.0034
      9.6250       0.1479       0.0035
      9.8750       0.1493       0.0035
     10.1250       0.1515       0.0036
     10.3750       0.1535       0.0036
     10.6250       0.1558       0.0037
     10.8750       0.1581       0.0038
     11.1250       0.1605       0.0039
     11.3750       0.1636       0.0039
     11.6250       0.1663       0.0039
     11.8750       0.1695       0.0039
     12.1250       0.1720       0.0039
     12.3750       0.1759       0.0040
     12.6250       0.1791       0.0040
     12.8750       0.1825       0.0041
     13.1250       0.1865       0.0041
     13.3750       0.1901       0.0042
     13.6250       0.1939       0.0042
     13.8750       0.1981       0.0043
     14.1250       0.2014       0.0043
     14.3750       0.2059       0.0044
     14.6250       0.2089       0.0046
     14.8750       0.2127       0.0046
     15.1250       0.2162       0.0047
     15.3750       0.2190       0.0048
     15.6250       0.2222       0.0049
     15.8750       0.2249       0.0050
     16.1250       0.2272       0.0052
     16.3750       0.2289       0.0051
     16.6250       0.2309       0.0054
     16.8750       0.2321       0.0054
     17.1250       0.2332       0.0055
     17.3750       0.2333       0.0056
     17.6250       0.2333       0.0057
     17.8750       0.2333       0.0057
     18.1250       0.2331       0.0060
     18.3750       0.2315       0.0060
     18.6250       0.2300       0.0060
     18.8750       0.2279       0.0059
     19.1250       0.2253       0.0061
     19.3750       0.2225       0.0060
     19.6250       0.2187       0.0061
     19.8750       0.2150       0.0060
     20.1250       0.2104       0.0059
     20.3750       0.2057       0.0059
     20.6250       0.2006       0.0058
     20.8750       0.1944       0.0056
     21.1250       0.1887       0.0055
     21.3750       0.1814       0.0052
     21.6250       0.1751       0.0051
     21.8750       0.1680       0.0049
     22.1250       0.1607       0.0047
     22.3750       0.1536       0.0046
     22.6250       0.1461       0.0044
     22.8750       0.1386       0.0042
     23.1250       0.1311       0.0041
     23.3750       0.1236       0.0040
     23.6250       0.1162       0.0040
     23.8750       0.1086       0.0039
     24.1250       0.1011       0.0038
     24.3750       0.0937       0.0038
     24.6250       0.0870       0.0037
     24.8750       0.0801       0.0037
     25.1250       0.0739       0.0037
     25.3750       0.0675       0.0036
     25.6250       0.0616       0.0036
     25.8750       0.0560       0.0035
     26.1250       0.0509       0.0035
     26.3750       0.0459       0.0034
     26.6250       0.0412       0.0033
     26.8750       0.0370       0.0032
     27.1250       0.0331       0.0031
     27.3750       0.0295       0.0030
     27.6250       0.0263       0.0028
     27.8750       0.0230       0.0026
     28.1250       0.0202       0.0025
     28.3750       0.0178       0.0024
     28.6250       0.0155       0.0023
     28.8750       0.0135       0.0021
     29.1250       0.0117       0.0019
     29.3750       0.0101       0.0018
     29.6250       0.0087       0.0017
     29.8750       0.0074       0.0015
     30.1250       0.0064       0.0014
     30.3750       0.0054       0.0013
     30.6250       0.0045       0.0011
     30.8750       0.0038       0.0010
     31.1250       0.0032       0.0009
     31.3750       0.0026       0.0008
     31.6250       0.0022       0.0007
     31.8750       0.0018       0.0007
     32.1250       0.0014       0.0006
     32.3750       0.0012       0.0005
     32.6250       0.0010       0.0005
     32.8750       0.0008       0.0004
     33.1250       0.0006       0.0003
     33.3750       0.0005       0.0003
     33.6250       0.0004       0.0002
     33.8750       0.0003       0.0002
     34.1250       0.0002       0.0002
     34.3750       0.0002       0.0002
     34.6250       0.0001       0.0001
     34.8750       0.0001       0.0001
     35.1250       0.0001       0.0001
     35.3750       0.0001       0.0001
     35.6250       0.0000       0.0001
     35.8750       0.0000       0.0001
     36.1250       0.0000       0.0000
     36.3750       0.0000       0.0000
     36.6250       0.0000       0.0000
     36.8750       0.0000       0.0000
     37.1250       0.0000       0.0000
     37.3750       0.0000       0.0000
     37.6250       0.0000       0.0000
     37.8750       0.0000       0.0000
     38.1250       0.0000       0.0000
     38.3750       0.0000       0.0000
     38.6250       0.0000       0.0000
     38.8750       0.0000       0.0000
     39.1250       0.0000       0.0000
     39.3750       0.0000       0.0000
