#Z                :PC|:OL  sd(:PC|:OL)
    -38.1250       0.0000       0.0000
    -37.8750       0.0000       0.0000
    -37.6250       0.0000       0.0000
    -37.3750       0.0000       0.0000
    -37.1250       0.0000       0.0000
    -36.8750       0.0000       0.0000
    -36.6250       0.0000       0.0000
    -36.3750       0.0000       0.0000
    -36.1250       0.0000       0.0000
    -35.8750       0.0000       0.0000
    -35.6250       0.0000       0.0000
    -35.3750       0.0000       0.0000
    -35.1250       0.0000       0.0000
    -34.8750       0.0000       0.0000
    -34.6250       0.0000       0.0001
    -34.3750       0.0000       0.0001
    -34.1250       0.0001       0.0001
    -33.8750       0.0001       0.0001
    -33.6250       0.0001       0.0001
    -33.3750       0.0001       0.0001
    -33.1250       0.0002       0.0001
    -32.8750       0.0002       0.0002
    -32.6250       0.0003       0.0002
    -32.3750       0.0004       0.0002
    -32.1250       0.0005       0.0003
    -31.8750       0.0006       0.0003
    -31.6250       0.0008       0.0004
    -31.3750       0.0010       0.0004
    -31.1250       0.0013       0.0005
    -30.8750       0.0016       0.0006
    -30.6250       0.0019       0.0007
    -30.3750       0.0025       0.0008
    -30.1250       0.0030       0.0009
    -29.8750       0.0037       0.0010
    -29.6250       0.0045       0.0011
    -29.3750       0.0054       0.0012
    -29.1250       0.0066       0.0013
    -28.8750       0.0079       0.0015
    -28.6250       0.0094       0.0016
    -28.3750       0.0112       0.0018
    -28.1250       0.0131       0.0020
    -27.8750       0.0153       0.0021
    -27.6250       0.0178       0.0023
    -27.3750       0.0206       0.0024
    -27.1250       0.0239       0.0027
    -26.8750       0.0274       0.0028
    -26.6250       0.0313       0.0029
    -26.3750       0.0355       0.0031
    -26.1250       0.0403       0.0032
    -25.8750       0.0453       0.0033
    -25.6250       0.0508       0.0034
    -25.3750       0.0567       0.0036
    -25.1250       0.0630       0.0036
    -24.8750       0.0696       0.0037
    -24.6250       0.0768       0.0038
    -24.3750       0.0840       0.0038
    -24.1250       0.0918       0.0039
    -23.8750       0.0999       0.0040
    -23.6250       0.1081       0.0040
    -23.3750       0.1164       0.0040
    -23.1250       0.1250       0.0041
    -22.8750       0.1337       0.0042
    -22.6250       0.1424       0.0044
    -22.3750       0.1509       0.0044
    -22.1250       0.1593       0.0046
    -21.8750       0.1677       0.0047
    -21.6250       0.1755       0.0049
    -21.3750       0.1830       0.0050
    -21.1250       0.1906       0.0052
    -20.8750       0.1971       0.0053
    -20.6250       0.2038       0.0053
    -20.3750       0.2103       0.0055
    -20.1250       0.2158       0.0057
    -19.8750       0.2205       0.0057
    -19.6250       0.2261       0.0056
    -19.3750       0.2298       0.0058
    -19.1250       0.2339       0.0058
    -18.8750       0.2365       0.0058
    -18.6250       0.2397       0.0057
    -18.3750       0.2416       0.0058
    -18.1250       0.2434       0.0058
    -17.8750       0.2449       0.0057
    -17.6250       0.2456       0.0057
    -17.3750       0.2462       0.0057
    -17.1250       0.2454       0.0057
    -16.8750       0.2451       0.0057
    -16.6250       0.2443       0.0056
    -16.3750       0.2434       0.0055
    -16.1250       0.2413       0.0055
    -15.8750       0.2387       0.0054
    -15.6250       0.2370       0.0054
    -15.3750       0.2340       0.0052
    -15.1250       0.2304       0.0050
    -14.8750       0.2271       0.0049
    -14.6250       0.2236       0.0048
    -14.3750       0.2193       0.0047
    -14.1250       0.2155       0.0046
    -13.8750       0.2111       0.0046
    -13.6250       0.2069       0.0044
    -13.3750       0.2030       0.0044
    -13.1250       0.1982       0.0043
    -12.8750       0.1945       0.0043
    -12.6250       0.1899       0.0042
    -12.3750       0.1862       0.0041
    -12.1250       0.1821       0.0041
    -11.8750       0.1783       0.0041
    -11.6250       0.1747       0.0040
    -11.3750       0.1712       0.0038
    -11.1250       0.1683       0.0038
    -10.8750       0.1652       0.0038
    -10.6250       0.1622       0.0037
    -10.3750       0.1600       0.0036
    -10.1250       0.1573       0.0036
     -9.8750       0.1549       0.0035
     -9.6250       0.1533       0.0035
     -9.3750       0.1513       0.0034
     -9.1250       0.1495       0.0034
     -8.8750       0.1483       0.0033
     -8.6250       0.1467       0.0033
     -8.3750       0.1459       0.0032
     -8.1250       0.1444       0.0032
     -7.8750       0.1429       0.0032
     -7.6250       0.1422       0.0032
     -7.3750       0.1414       0.0031
     -7.1250       0.1404       0.0031
     -6.8750       0.1396       0.0031
     -6.6250       0.1385       0.0030
     -6.3750       0.1381       0.0031
     -6.1250       0.1370       0.0030
     -5.8750       0.1363       0.0030
     -5.6250       0.1353       0.0030
     -5.3750       0.1347       0.0030
     -5.1250       0.1336       0.0030
     -4.8750       0.1328       0.0030
     -4.6250       0.1321       0.0030
     -4.3750       0.1310       0.0030
     -4.1250       0.1303       0.0030
     -3.8750       0.1294       0.0030
     -3.6250       0.1283       0.0030
     -3.3750       0.1274       0.0030
     -3.1250       0.1262       0.0030
     -2.8750       0.1252       0.0029
     -2.6250       0.1243       0.0029
     -2.3750       0.1233       0.0029
     -2.1250       0.1221       0.0029
     -1.8750       0.1212       0.0029
     -1.6250       0.1205       0.0029
     -1.3750       0.1196       0.0029
     -1.1250       0.1187       0.0029
     -0.8750       0.1182       0.0029
     -0.6250       0.1175       0.0029
     -0.3750       0.1174       0.0029
     -0.1250       0.1172       0.0029
      0.1250       0.1172       0.0029
      0.3750       0.1173       0.0029
      0.6250       0.1174       0.0030
      0.8750       0.1177       0.0029
      1.1250       0.1183       0.0029
      1.3750       0.1186       0.0029
      1.6250       0.1194       0.0029
      1.8750       0.1199       0.0029
      2.1250       0.1206       0.0030
      2.3750       0.1220       0.0029
      2.6250       0.1226       0.0030
      2.8750       0.1237       0.0029
      3.1250       0.1244       0.0029
      3.3750       0.1254       0.0029
      3.6250       0.1263       0.0029
      3.8750       0.1275       0.0029
      4.1250       0.1282       0.0029
      4.3750       0.1290       0.0030
      4.6250       0.1299       0.0030
      4.8750       0.1309       0.0029
      5.1250       0.1313       0.0029
      5.3750       0.1323       0.0030
      5.6250       0.1330       0.0030
      5.8750       0.1337       0.0031
      6.1250       0.1345       0.0030
      6.3750       0.1350       0.0031
      6.6250       0.1355       0.0030
      6.8750       0.1362       0.0031
      7.1250       0.1368       0.0030
      7.3750       0.1375       0.0031
      7.6250       0.1384       0.0031
      7.8750       0.1389       0.0031
      8.1250       0.1397       0.0031
      8.3750       0.1404       0.0031
      8.6250       0.1413       0.0032
      8.8750       0.1420       0.0032
      9.1250       0.1431       0.0033
      9.3750       0.1444       0.0033
      9.6250       0.1456       0.0034
      9.8750       0.1469       0.0034
     10.1250       0.1488       0.0035
     10.3750       0.1505       0.0035
     10.6250       0.1527       0.0036
     10.8750       0.1550       0.0036
     11.1250       0.1576       0.0037
     11.3750       0.1602       0.0038
     11.6250       0.1633       0.0038
     11.8750       0.1666       0.0038
     12.1250       0.1699       0.0039
     12.3750       0.1738       0.0040
     12.6250       0.1774       0.0040
     12.8750       0.1817       0.0040
     13.1250       0.1851       0.0041
     13.3750       0.1894       0.0041
     13.6250       0.1941       0.0042
     13.8750       0.1983       0.0042
     14.1250       0.2027       0.0044
     14.3750       0.2066       0.0045
     14.6250       0.2106       0.0045
     14.8750       0.2147       0.0046
     15.1250       0.2183       0.0047
     15.3750       0.2221       0.0048
     15.6250       0.2247       0.0049
     15.8750       0.2279       0.0050
     16.1250       0.2300       0.0050
     16.3750       0.2323       0.0052
     16.6250       0.2345       0.0051
     16.8750       0.2362       0.0053
     17.1250       0.2365       0.0053
     17.3750       0.2380       0.0053
     17.6250       0.2389       0.0055
     17.8750       0.2385       0.0055
     18.1250       0.2384       0.0057
     18.3750       0.2375       0.0057
     18.6250       0.2362       0.0058
     18.8750       0.2347       0.0059
     19.1250       0.2325       0.0059
     19.3750       0.2291       0.0059
     19.6250       0.2259       0.0059
     19.8750       0.2227       0.0059
     20.1250       0.2172       0.0059
     20.3750       0.2127       0.0057
     20.6250       0.2065       0.0056
     20.8750       0.2003       0.0054
     21.1250       0.1945       0.0053
     21.3750       0.1872       0.0051
     21.6250       0.1799       0.0049
     21.8750       0.1720       0.0048
     22.1250       0.1648       0.0047
     22.3750       0.1568       0.0045
     22.6250       0.1488       0.0043
     22.8750       0.1404       0.0041
     23.1250       0.1319       0.0041
     23.3750       0.1241       0.0040
     23.6250       0.1158       0.0039
     23.8750       0.1081       0.0038
     24.1250       0.1000       0.0037
     24.3750       0.0926       0.0037
     24.6250       0.0850       0.0036
     24.8750       0.0778       0.0035
     25.1250       0.0710       0.0035
     25.3750       0.0645       0.0034
     25.6250       0.0586       0.0034
     25.8750       0.0529       0.0033
     26.1250       0.0476       0.0032
     26.3750       0.0428       0.0032
     26.6250       0.0382       0.0031
     26.8750       0.0340       0.0029
     27.1250       0.0300       0.0028
     27.3750       0.0266       0.0027
     27.6250       0.0235       0.0026
     27.8750       0.0206       0.0025
     28.1250       0.0179       0.0023
     28.3750       0.0157       0.0021
     28.6250       0.0135       0.0020
     28.8750       0.0117       0.0019
     29.1250       0.0100       0.0017
     29.3750       0.0086       0.0016
     29.6250       0.0073       0.0015
     29.8750       0.0062       0.0013
     30.1250       0.0052       0.0012
     30.3750       0.0043       0.0011
     30.6250       0.0036       0.0010
     30.8750       0.0030       0.0008
     31.1250       0.0025       0.0008
     31.3750       0.0020       0.0007
     31.6250       0.0017       0.0006
     31.8750       0.0014       0.0005
     32.1250       0.0011       0.0005
     32.3750       0.0009       0.0004
     32.6250       0.0007       0.0003
     32.8750       0.0005       0.0003
     33.1250       0.0004       0.0003
     33.3750       0.0003       0.0002
     33.6250       0.0002       0.0002
     33.8750       0.0002       0.0002
     34.1250       0.0002       0.0001
     34.3750       0.0001       0.0001
     34.6250       0.0001       0.0001
     34.8750       0.0001       0.0001
     35.1250       0.0001       0.0001
     35.3750       0.0000       0.0001
     35.6250       0.0000       0.0001
     35.8750       0.0000       0.0001
     36.1250       0.0000       0.0000
     36.3750       0.0000       0.0001
     36.6250       0.0000       0.0000
     36.8750       0.0000       0.0000
     37.1250       0.0000       0.0000
     37.3750       0.0000       0.0000
     37.6250       0.0000       0.0000
     37.8750       0.0000       0.0000
     38.1250       0.0000       0.0000
     38.3750       0.0000       0.0000
     38.6250       0.0000       0.0000
     38.8750       0.0000       0.0000
     39.1250       0.0000       0.0000
     39.3750       0.0000       0.0000
