#Z                :PC|:OL  sd(:PC|:OL)
    -37.3750       0.0000       0.0000
    -37.1250       0.0000       0.0000
    -36.8750       0.0000       0.0000
    -36.6250       0.0000       0.0000
    -36.3750       0.0000       0.0000
    -36.1250       0.0000       0.0000
    -35.8750       0.0000       0.0000
    -35.6250       0.0000       0.0000
    -35.3750       0.0000       0.0000
    -35.1250       0.0000       0.0000
    -34.8750       0.0000       0.0000
    -34.6250       0.0000       0.0000
    -34.3750       0.0000       0.0001
    -34.1250       0.0000       0.0001
    -33.8750       0.0000       0.0001
    -33.6250       0.0001       0.0001
    -33.3750       0.0001       0.0001
    -33.1250       0.0001       0.0001
    -32.8750       0.0002       0.0001
    -32.6250       0.0002       0.0002
    -32.3750       0.0003       0.0002
    -32.1250       0.0004       0.0002
    -31.8750       0.0005       0.0003
    -31.6250       0.0007       0.0003
    -31.3750       0.0008       0.0004
    -31.1250       0.0011       0.0004
    -30.8750       0.0014       0.0005
    -30.6250       0.0018       0.0006
    -30.3750       0.0022       0.0006
    -30.1250       0.0027       0.0007
    -29.8750       0.0033       0.0008
    -29.6250       0.0041       0.0009
    -29.3750       0.0049       0.0010
    -29.1250       0.0060       0.0011
    -28.8750       0.0072       0.0012
    -28.6250       0.0087       0.0014
    -28.3750       0.0103       0.0015
    -28.1250       0.0121       0.0016
    -27.8750       0.0142       0.0018
    -27.6250       0.0166       0.0020
    -27.3750       0.0194       0.0021
    -27.1250       0.0224       0.0023
    -26.8750       0.0259       0.0024
    -26.6250       0.0297       0.0025
    -26.3750       0.0336       0.0027
    -26.1250       0.0382       0.0029
    -25.8750       0.0433       0.0031
    -25.6250       0.0489       0.0032
    -25.3750       0.0545       0.0033
    -25.1250       0.0608       0.0034
    -24.8750       0.0673       0.0035
    -24.6250       0.0744       0.0036
    -24.3750       0.0815       0.0037
    -24.1250       0.0894       0.0038
    -23.8750       0.0971       0.0039
    -23.6250       0.1055       0.0040
    -23.3750       0.1134       0.0041
    -23.1250       0.1218       0.0041
    -22.8750       0.1307       0.0043
    -22.6250       0.1394       0.0044
    -22.3750       0.1480       0.0044
    -22.1250       0.1563       0.0045
    -21.8750       0.1649       0.0046
    -21.6250       0.1727       0.0047
    -21.3750       0.1808       0.0050
    -21.1250       0.1882       0.0050
    -20.8750       0.1952       0.0051
    -20.6250       0.2024       0.0052
    -20.3750       0.2085       0.0053
    -20.1250       0.2139       0.0054
    -19.8750       0.2195       0.0055
    -19.6250       0.2241       0.0055
    -19.3750       0.2285       0.0056
    -19.1250       0.2324       0.0056
    -18.8750       0.2357       0.0056
    -18.6250       0.2385       0.0056
    -18.3750       0.2404       0.0056
    -18.1250       0.2421       0.0055
    -17.8750       0.2434       0.0055
    -17.6250       0.2443       0.0056
    -17.3750       0.2450       0.0054
    -17.1250       0.2445       0.0053
    -16.8750       0.2438       0.0054
    -16.6250       0.2429       0.0053
    -16.3750       0.2414       0.0053
    -16.1250       0.2403       0.0053
    -15.8750       0.2376       0.0052
    -15.6250       0.2350       0.0052
    -15.3750       0.2322       0.0051
    -15.1250       0.2296       0.0051
    -14.8750       0.2262       0.0049
    -14.6250       0.2223       0.0048
    -14.3750       0.2184       0.0047
    -14.1250       0.2146       0.0046
    -13.8750       0.2106       0.0045
    -13.6250       0.2064       0.0045
    -13.3750       0.2020       0.0044
    -13.1250       0.1979       0.0043
    -12.8750       0.1936       0.0042
    -12.6250       0.1896       0.0042
    -12.3750       0.1853       0.0041
    -12.1250       0.1812       0.0041
    -11.8750       0.1774       0.0039
    -11.6250       0.1739       0.0039
    -11.3750       0.1706       0.0038
    -11.1250       0.1675       0.0037
    -10.8750       0.1645       0.0037
    -10.6250       0.1621       0.0036
    -10.3750       0.1595       0.0036
    -10.1250       0.1567       0.0035
     -9.8750       0.1550       0.0035
     -9.6250       0.1530       0.0034
     -9.3750       0.1517       0.0034
     -9.1250       0.1499       0.0033
     -8.8750       0.1483       0.0033
     -8.6250       0.1474       0.0032
     -8.3750       0.1463       0.0032
     -8.1250       0.1448       0.0032
     -7.8750       0.1439       0.0032
     -7.6250       0.1430       0.0031
     -7.3750       0.1423       0.0032
     -7.1250       0.1414       0.0031
     -6.8750       0.1401       0.0031
     -6.6250       0.1393       0.0030
     -6.3750       0.1386       0.0031
     -6.1250       0.1380       0.0030
     -5.8750       0.1370       0.0030
     -5.6250       0.1362       0.0031
     -5.3750       0.1352       0.0030
     -5.1250       0.1342       0.0030
     -4.8750       0.1335       0.0030
     -4.6250       0.1325       0.0030
     -4.3750       0.1317       0.0030
     -4.1250       0.1302       0.0029
     -3.8750       0.1294       0.0030
     -3.6250       0.1286       0.0029
     -3.3750       0.1276       0.0029
     -3.1250       0.1263       0.0030
     -2.8750       0.1251       0.0029
     -2.6250       0.1244       0.0029
     -2.3750       0.1230       0.0029
     -2.1250       0.1222       0.0029
     -1.8750       0.1211       0.0029
     -1.6250       0.1204       0.0029
     -1.3750       0.1193       0.0029
     -1.1250       0.1190       0.0029
     -0.8750       0.1184       0.0029
     -0.6250       0.1178       0.0029
     -0.3750       0.1173       0.0029
     -0.1250       0.1173       0.0029
      0.1250       0.1169       0.0029
      0.3750       0.1170       0.0029
      0.6250       0.1171       0.0029
      0.8750       0.1172       0.0029
      1.1250       0.1177       0.0029
      1.3750       0.1182       0.0028
      1.6250       0.1187       0.0029
      1.8750       0.1196       0.0029
      2.1250       0.1204       0.0029
      2.3750       0.1209       0.0029
      2.6250       0.1219       0.0029
      2.8750       0.1227       0.0029
      3.1250       0.1237       0.0030
      3.3750       0.1248       0.0029
      3.6250       0.1257       0.0029
      3.8750       0.1266       0.0029
      4.1250       0.1276       0.0030
      4.3750       0.1286       0.0030
      4.6250       0.1298       0.0030
      4.8750       0.1306       0.0030
      5.1250       0.1316       0.0030
      5.3750       0.1320       0.0030
      5.6250       0.1327       0.0031
      5.8750       0.1334       0.0030
      6.1250       0.1342       0.0030
      6.3750       0.1348       0.0030
      6.6250       0.1355       0.0030
      6.8750       0.1361       0.0030
      7.1250       0.1366       0.0030
      7.3750       0.1373       0.0030
      7.6250       0.1380       0.0031
      7.8750       0.1388       0.0030
      8.1250       0.1395       0.0031
      8.3750       0.1397       0.0031
      8.6250       0.1408       0.0032
      8.8750       0.1417       0.0031
      9.1250       0.1428       0.0032
      9.3750       0.1443       0.0033
      9.6250       0.1452       0.0033
      9.8750       0.1466       0.0034
     10.1250       0.1487       0.0034
     10.3750       0.1503       0.0034
     10.6250       0.1525       0.0036
     10.8750       0.1549       0.0036
     11.1250       0.1578       0.0037
     11.3750       0.1606       0.0037
     11.6250       0.1642       0.0037
     11.8750       0.1673       0.0038
     12.1250       0.1707       0.0038
     12.3750       0.1747       0.0039
     12.6250       0.1783       0.0040
     12.8750       0.1825       0.0040
     13.1250       0.1864       0.0041
     13.3750       0.1905       0.0042
     13.6250       0.1947       0.0041
     13.8750       0.1993       0.0043
     14.1250       0.2025       0.0043
     14.3750       0.2070       0.0044
     14.6250       0.2107       0.0044
     14.8750       0.2149       0.0046
     15.1250       0.2186       0.0046
     15.3750       0.2217       0.0047
     15.6250       0.2245       0.0048
     15.8750       0.2276       0.0048
     16.1250       0.2299       0.0050
     16.3750       0.2331       0.0050
     16.6250       0.2341       0.0051
     16.8750       0.2354       0.0051
     17.1250       0.2372       0.0051
     17.3750       0.2378       0.0052
     17.6250       0.2377       0.0053
     17.8750       0.2381       0.0053
     18.1250       0.2378       0.0055
     18.3750       0.2368       0.0054
     18.6250       0.2354       0.0054
     18.8750       0.2332       0.0055
     19.1250       0.2303       0.0055
     19.3750       0.2275       0.0055
     19.6250       0.2238       0.0055
     19.8750       0.2192       0.0054
     20.1250       0.2149       0.0053
     20.3750       0.2102       0.0053
     20.6250       0.2035       0.0052
     20.8750       0.1974       0.0052
     21.1250       0.1914       0.0051
     21.3750       0.1841       0.0049
     21.6250       0.1769       0.0048
     21.8750       0.1694       0.0047
     22.1250       0.1613       0.0046
     22.3750       0.1534       0.0044
     22.6250       0.1457       0.0043
     22.8750       0.1371       0.0042
     23.1250       0.1289       0.0039
     23.3750       0.1207       0.0039
     23.6250       0.1125       0.0038
     23.8750       0.1047       0.0038
     24.1250       0.0968       0.0037
     24.3750       0.0895       0.0036
     24.6250       0.0820       0.0035
     24.8750       0.0751       0.0034
     25.1250       0.0684       0.0033
     25.3750       0.0621       0.0033
     25.6250       0.0561       0.0031
     25.8750       0.0506       0.0030
     26.1250       0.0451       0.0029
     26.3750       0.0404       0.0028
     26.6250       0.0361       0.0027
     26.8750       0.0321       0.0025
     27.1250       0.0283       0.0024
     27.3750       0.0251       0.0023
     27.6250       0.0220       0.0021
     27.8750       0.0192       0.0021
     28.1250       0.0169       0.0019
     28.3750       0.0146       0.0018
     28.6250       0.0126       0.0017
     28.8750       0.0110       0.0016
     29.1250       0.0094       0.0014
     29.3750       0.0080       0.0013
     29.6250       0.0069       0.0012
     29.8750       0.0057       0.0011
     30.1250       0.0049       0.0010
     30.3750       0.0041       0.0009
     30.6250       0.0034       0.0008
     30.8750       0.0028       0.0008
     31.1250       0.0024       0.0007
     31.3750       0.0019       0.0006
     31.6250       0.0016       0.0005
     31.8750       0.0013       0.0005
     32.1250       0.0011       0.0004
     32.3750       0.0009       0.0004
     32.6250       0.0007       0.0003
     32.8750       0.0005       0.0003
     33.1250       0.0005       0.0003
     33.3750       0.0004       0.0002
     33.6250       0.0003       0.0002
     33.8750       0.0002       0.0002
     34.1250       0.0002       0.0002
     34.3750       0.0001       0.0001
     34.6250       0.0001       0.0001
     34.8750       0.0001       0.0001
     35.1250       0.0001       0.0001
     35.3750       0.0000       0.0001
     35.6250       0.0000       0.0001
     35.8750       0.0000       0.0000
     36.1250       0.0000       0.0000
     36.3750       0.0000       0.0000
     36.6250       0.0000       0.0000
     36.8750       0.0000       0.0000
     37.1250       0.0000       0.0000
     37.3750       0.0000       0.0000
     37.6250       0.0000       0.0000
     37.8750       0.0000       0.0000
     38.1250       0.0000       0.0000
     38.3750       0.0000       0.0000
     38.6250       0.0000       0.0000
     38.8750       0.0000       0.0000
     39.1250       0.0000       0.0000
     39.3750       0.0000       0.0000
     39.6250       0.0000       0.0000
     39.8750       0.0000       0.0000
     40.1250       0.0000       0.0000
     40.3750       0.0000       0.0000
     40.6250       0.0000       0.0000
     40.8750       0.0000       0.0000
     41.1250       0.0000       0.0000
     41.3750       0.0000       0.0000
     41.6250       0.0000       0.0000
     41.8750       0.0000       0.0000
     42.1250       0.0000       0.0000
