#Z                :PC|:OL  sd(:PC|:OL)
    -39.6250       0.0000       0.0000
    -39.3750       0.0000       0.0000
    -39.1250       0.0000       0.0000
    -38.8750       0.0000       0.0000
    -38.6250       0.0000       0.0000
    -38.3750       0.0000       0.0000
    -38.1250       0.0000       0.0000
    -37.8750       0.0000       0.0000
    -37.6250       0.0000       0.0000
    -37.3750       0.0000       0.0000
    -37.1250       0.0000       0.0000
    -36.8750       0.0000       0.0000
    -36.6250       0.0000       0.0000
    -36.3750       0.0000       0.0000
    -36.1250       0.0000       0.0000
    -35.8750       0.0000       0.0000
    -35.6250       0.0000       0.0001
    -35.3750       0.0000       0.0001
    -35.1250       0.0001       0.0001
    -34.8750       0.0001       0.0001
    -34.6250       0.0001       0.0001
    -34.3750       0.0001       0.0001
    -34.1250       0.0001       0.0001
    -33.8750       0.0002       0.0002
    -33.6250       0.0002       0.0002
    -33.3750       0.0003       0.0002
    -33.1250       0.0004       0.0003
    -32.8750       0.0005       0.0003
    -32.6250       0.0006       0.0003
    -32.3750       0.0007       0.0004
    -32.1250       0.0009       0.0005
    -31.8750       0.0011       0.0006
    -31.6250       0.0014       0.0006
    -31.3750       0.0017       0.0007
    -31.1250       0.0021       0.0008
    -30.8750       0.0025       0.0009
    -30.6250       0.0031       0.0011
    -30.3750       0.0036       0.0012
    -30.1250       0.0044       0.0014
    -29.8750       0.0053       0.0015
    -29.6250       0.0063       0.0017
    -29.3750       0.0074       0.0019
    -29.1250       0.0087       0.0021
    -28.8750       0.0102       0.0023
    -28.6250       0.0120       0.0026
    -28.3750       0.0138       0.0027
    -28.1250       0.0159       0.0030
    -27.8750       0.0182       0.0032
    -27.6250       0.0208       0.0033
    -27.3750       0.0238       0.0035
    -27.1250       0.0269       0.0037
    -26.8750       0.0306       0.0039
    -26.6250       0.0343       0.0041
    -26.3750       0.0386       0.0042
    -26.1250       0.0431       0.0043
    -25.8750       0.0477       0.0043
    -25.6250       0.0530       0.0044
    -25.3750       0.0584       0.0044
    -25.1250       0.0641       0.0044
    -24.8750       0.0704       0.0044
    -24.6250       0.0769       0.0044
    -24.3750       0.0839       0.0044
    -24.1250       0.0910       0.0043
    -23.8750       0.0984       0.0043
    -23.6250       0.1062       0.0042
    -23.3750       0.1138       0.0042
    -23.1250       0.1217       0.0042
    -22.8750       0.1300       0.0042
    -22.6250       0.1379       0.0044
    -22.3750       0.1460       0.0043
    -22.1250       0.1542       0.0045
    -21.8750       0.1622       0.0047
    -21.6250       0.1693       0.0049
    -21.3750       0.1773       0.0051
    -21.1250       0.1845       0.0053
    -20.8750       0.1915       0.0056
    -20.6250       0.1972       0.0059
    -20.3750       0.2037       0.0060
    -20.1250       0.2097       0.0062
    -19.8750       0.2149       0.0065
    -19.6250       0.2198       0.0066
    -19.3750       0.2235       0.0067
    -19.1250       0.2277       0.0069
    -18.8750       0.2309       0.0070
    -18.6250       0.2336       0.0070
    -18.3750       0.2356       0.0070
    -18.1250       0.2377       0.0069
    -17.8750       0.2395       0.0070
    -17.6250       0.2402       0.0070
    -17.3750       0.2410       0.0068
    -17.1250       0.2404       0.0068
    -16.8750       0.2401       0.0066
    -16.6250       0.2396       0.0066
    -16.3750       0.2382       0.0063
    -16.1250       0.2365       0.0063
    -15.8750       0.2350       0.0061
    -15.6250       0.2327       0.0058
    -15.3750       0.2305       0.0056
    -15.1250       0.2274       0.0055
    -14.8750       0.2247       0.0054
    -14.6250       0.2214       0.0052
    -14.3750       0.2179       0.0050
    -14.1250       0.2144       0.0048
    -13.8750       0.2107       0.0047
    -13.6250       0.2067       0.0045
    -13.3750       0.2030       0.0044
    -13.1250       0.1988       0.0044
    -12.8750       0.1952       0.0042
    -12.6250       0.1908       0.0042
    -12.3750       0.1870       0.0041
    -12.1250       0.1833       0.0041
    -11.8750       0.1795       0.0040
    -11.6250       0.1758       0.0041
    -11.3750       0.1723       0.0040
    -11.1250       0.1695       0.0040
    -10.8750       0.1665       0.0040
    -10.6250       0.1636       0.0039
    -10.3750       0.1609       0.0039
    -10.1250       0.1584       0.0039
     -9.8750       0.1562       0.0038
     -9.6250       0.1545       0.0037
     -9.3750       0.1526       0.0038
     -9.1250       0.1507       0.0037
     -8.8750       0.1495       0.0035
     -8.6250       0.1480       0.0036
     -8.3750       0.1467       0.0034
     -8.1250       0.1456       0.0033
     -7.8750       0.1442       0.0033
     -7.6250       0.1433       0.0032
     -7.3750       0.1427       0.0032
     -7.1250       0.1418       0.0032
     -6.8750       0.1410       0.0031
     -6.6250       0.1401       0.0031
     -6.3750       0.1394       0.0031
     -6.1250       0.1387       0.0031
     -5.8750       0.1379       0.0030
     -5.6250       0.1369       0.0030
     -5.3750       0.1357       0.0030
     -5.1250       0.1355       0.0030
     -4.8750       0.1347       0.0030
     -4.6250       0.1333       0.0030
     -4.3750       0.1326       0.0030
     -4.1250       0.1313       0.0030
     -3.8750       0.1304       0.0030
     -3.6250       0.1292       0.0029
     -3.3750       0.1284       0.0029
     -3.1250       0.1270       0.0029
     -2.8750       0.1261       0.0029
     -2.6250       0.1252       0.0029
     -2.3750       0.1243       0.0029
     -2.1250       0.1234       0.0030
     -1.8750       0.1222       0.0029
     -1.6250       0.1210       0.0030
     -1.3750       0.1207       0.0030
     -1.1250       0.1197       0.0030
     -0.8750       0.1188       0.0031
     -0.6250       0.1184       0.0031
     -0.3750       0.1182       0.0031
     -0.1250       0.1176       0.0031
      0.1250       0.1175       0.0031
      0.3750       0.1174       0.0031
      0.6250       0.1174       0.0031
      0.8750       0.1175       0.0031
      1.1250       0.1179       0.0031
      1.3750       0.1182       0.0031
      1.6250       0.1189       0.0031
      1.8750       0.1193       0.0030
      2.1250       0.1202       0.0030
      2.3750       0.1206       0.0030
      2.6250       0.1214       0.0029
      2.8750       0.1227       0.0030
      3.1250       0.1233       0.0029
      3.3750       0.1244       0.0030
      3.6250       0.1253       0.0029
      3.8750       0.1263       0.0029
      4.1250       0.1272       0.0029
      4.3750       0.1283       0.0029
      4.6250       0.1293       0.0030
      4.8750       0.1301       0.0030
      5.1250       0.1309       0.0030
      5.3750       0.1319       0.0030
      5.6250       0.1325       0.0030
      5.8750       0.1333       0.0030
      6.1250       0.1338       0.0030
      6.3750       0.1346       0.0030
      6.6250       0.1356       0.0031
      6.8750       0.1360       0.0031
      7.1250       0.1370       0.0030
      7.3750       0.1377       0.0031
      7.6250       0.1384       0.0031
      7.8750       0.1394       0.0031
      8.1250       0.1401       0.0032
      8.3750       0.1414       0.0033
      8.6250       0.1414       0.0034
      8.8750       0.1429       0.0035
      9.1250       0.1439       0.0034
      9.3750       0.1455       0.0036
      9.6250       0.1467       0.0036
      9.8750       0.1485       0.0037
     10.1250       0.1500       0.0037
     10.3750       0.1521       0.0039
     10.6250       0.1540       0.0040
     10.8750       0.1564       0.0039
     11.1250       0.1587       0.0040
     11.3750       0.1618       0.0040
     11.6250       0.1646       0.0041
     11.8750       0.1677       0.0041
     12.1250       0.1712       0.0041
     12.3750       0.1741       0.0041
     12.6250       0.1779       0.0041
     12.8750       0.1817       0.0041
     13.1250       0.1852       0.0041
     13.3750       0.1892       0.0042
     13.6250       0.1933       0.0042
     13.8750       0.1966       0.0043
     14.1250       0.1999       0.0044
     14.3750       0.2040       0.0046
     14.6250       0.2074       0.0047
     14.8750       0.2115       0.0049
     15.1250       0.2144       0.0051
     15.3750       0.2177       0.0052
     15.6250       0.2211       0.0055
     15.8750       0.2238       0.0056
     16.1250       0.2260       0.0057
     16.3750       0.2284       0.0060
     16.6250       0.2303       0.0061
     16.8750       0.2321       0.0063
     17.1250       0.2335       0.0064
     17.3750       0.2340       0.0066
     17.6250       0.2336       0.0067
     17.8750       0.2339       0.0067
     18.1250       0.2335       0.0069
     18.3750       0.2324       0.0069
     18.6250       0.2309       0.0070
     18.8750       0.2288       0.0071
     19.1250       0.2264       0.0070
     19.3750       0.2228       0.0070
     19.6250       0.2197       0.0071
     19.8750       0.2156       0.0069
     20.1250       0.2116       0.0067
     20.3750       0.2065       0.0065
     20.6250       0.2016       0.0064
     20.8750       0.1958       0.0062
     21.1250       0.1895       0.0059
     21.3750       0.1835       0.0057
     21.6250       0.1764       0.0054
     21.8750       0.1697       0.0052
     22.1250       0.1621       0.0049
     22.3750       0.1550       0.0047
     22.6250       0.1472       0.0045
     22.8750       0.1394       0.0043
     23.1250       0.1317       0.0043
     23.3750       0.1236       0.0042
     23.6250       0.1157       0.0041
     23.8750       0.1084       0.0041
     24.1250       0.1008       0.0042
     24.3750       0.0934       0.0042
     24.6250       0.0859       0.0043
     24.8750       0.0794       0.0044
     25.1250       0.0725       0.0043
     25.3750       0.0665       0.0044
     25.6250       0.0606       0.0044
     25.8750       0.0546       0.0043
     26.1250       0.0494       0.0043
     26.3750       0.0446       0.0042
     26.6250       0.0397       0.0041
     26.8750       0.0357       0.0040
     27.1250       0.0319       0.0039
     27.3750       0.0281       0.0038
     27.6250       0.0249       0.0036
     27.8750       0.0221       0.0034
     28.1250       0.0193       0.0033
     28.3750       0.0169       0.0031
     28.6250       0.0147       0.0029
     28.8750       0.0129       0.0027
     29.1250       0.0112       0.0025
     29.3750       0.0097       0.0023
     29.6250       0.0084       0.0022
     29.8750       0.0071       0.0020
     30.1250       0.0061       0.0018
     30.3750       0.0052       0.0017
     30.6250       0.0044       0.0015
     30.8750       0.0037       0.0013
     31.1250       0.0031       0.0012
     31.3750       0.0026       0.0011
     31.6250       0.0022       0.0009
     31.8750       0.0018       0.0008
     32.1250       0.0015       0.0007
     32.3750       0.0012       0.0006
     32.6250       0.0010       0.0006
     32.8750       0.0008       0.0005
     33.1250       0.0006       0.0004
     33.3750       0.0005       0.0004
     33.6250       0.0004       0.0003
     33.8750       0.0003       0.0003
     34.1250       0.0003       0.0002
     34.3750       0.0002       0.0002
     34.6250       0.0002       0.0002
     34.8750       0.0001       0.0001
     35.1250       0.0001       0.0001
     35.3750       0.0001       0.0001
     35.6250       0.0001       0.0001
     35.8750       0.0000       0.0001
     36.1250       0.0000       0.0001
     36.3750       0.0000       0.0000
     36.6250       0.0000       0.0000
     36.8750       0.0000       0.0000
     37.1250       0.0000       0.0000
     37.3750       0.0000       0.0000
     37.6250       0.0000       0.0000
     37.8750       0.0000       0.0000
     38.1250       0.0000       0.0000
     38.3750       0.0000       0.0000
     38.6250       0.0000       0.0000
     38.8750       0.0000       0.0000
     39.1250       0.0000       0.0000
     39.3750       0.0000       0.0000
     39.6250       0.0000       0.0000
     39.8750       0.0000       0.0000
