#Z                :PC|:OL  sd(:PC|:OL)
    -39.3750       0.0000       0.0000
    -39.1250       0.0000       0.0000
    -38.8750       0.0000       0.0000
    -38.6250       0.0000       0.0000
    -38.3750       0.0000       0.0000
    -38.1250       0.0000       0.0000
    -37.8750       0.0000       0.0000
    -37.6250       0.0000       0.0000
    -37.3750       0.0000       0.0000
    -37.1250       0.0000       0.0000
    -36.8750       0.0000       0.0000
    -36.6250       0.0000       0.0000
    -36.3750       0.0000       0.0000
    -36.1250       0.0000       0.0000
    -35.8750       0.0000       0.0000
    -35.6250       0.0000       0.0000
    -35.3750       0.0000       0.0000
    -35.1250       0.0000       0.0000
    -34.8750       0.0000       0.0000
    -34.6250       0.0000       0.0000
    -34.3750       0.0000       0.0001
    -34.1250       0.0000       0.0001
    -33.8750       0.0001       0.0001
    -33.6250       0.0001       0.0001
    -33.3750       0.0001       0.0001
    -33.1250       0.0002       0.0001
    -32.8750       0.0002       0.0002
    -32.6250       0.0003       0.0002
    -32.3750       0.0003       0.0002
    -32.1250       0.0005       0.0003
    -31.8750       0.0006       0.0003
    -31.6250       0.0008       0.0004
    -31.3750       0.0009       0.0004
    -31.1250       0.0012       0.0005
    -30.8750       0.0015       0.0006
    -30.6250       0.0018       0.0006
    -30.3750       0.0023       0.0007
    -30.1250       0.0028       0.0008
    -29.8750       0.0034       0.0009
    -29.6250       0.0042       0.0010
    -29.3750       0.0049       0.0011
    -29.1250       0.0061       0.0013
    -28.8750       0.0072       0.0014
    -28.6250       0.0086       0.0015
    -28.3750       0.0101       0.0016
    -28.1250       0.0119       0.0018
    -27.8750       0.0139       0.0019
    -27.6250       0.0162       0.0021
    -27.3750       0.0189       0.0022
    -27.1250       0.0219       0.0024
    -26.8750       0.0251       0.0025
    -26.6250       0.0286       0.0027
    -26.3750       0.0328       0.0028
    -26.1250       0.0368       0.0029
    -25.8750       0.0417       0.0031
    -25.6250       0.0469       0.0031
    -25.3750       0.0523       0.0032
    -25.1250       0.0585       0.0033
    -24.8750       0.0648       0.0034
    -24.6250       0.0718       0.0035
    -24.3750       0.0787       0.0036
    -24.1250       0.0864       0.0036
    -23.8750       0.0940       0.0037
    -23.6250       0.1019       0.0038
    -23.3750       0.1107       0.0038
    -23.1250       0.1191       0.0039
    -22.8750       0.1276       0.0040
    -22.6250       0.1365       0.0042
    -22.3750       0.1452       0.0043
    -22.1250       0.1535       0.0045
    -21.8750       0.1624       0.0046
    -21.6250       0.1705       0.0049
    -21.3750       0.1784       0.0049
    -21.1250       0.1865       0.0052
    -20.8750       0.1941       0.0053
    -20.6250       0.2010       0.0054
    -20.3750       0.2076       0.0054
    -20.1250       0.2144       0.0056
    -19.8750       0.2199       0.0058
    -19.6250       0.2246       0.0056
    -19.3750       0.2300       0.0057
    -19.1250       0.2334       0.0057
    -18.8750       0.2375       0.0057
    -18.6250       0.2408       0.0057
    -18.3750       0.2436       0.0057
    -18.1250       0.2448       0.0057
    -17.8750       0.2463       0.0057
    -17.6250       0.2476       0.0057
    -17.3750       0.2477       0.0055
    -17.1250       0.2480       0.0055
    -16.8750       0.2472       0.0055
    -16.6250       0.2465       0.0055
    -16.3750       0.2456       0.0054
    -16.1250       0.2434       0.0053
    -15.8750       0.2410       0.0052
    -15.6250       0.2388       0.0052
    -15.3750       0.2356       0.0051
    -15.1250       0.2324       0.0048
    -14.8750       0.2285       0.0048
    -14.6250       0.2251       0.0048
    -14.3750       0.2213       0.0046
    -14.1250       0.2167       0.0045
    -13.8750       0.2120       0.0045
    -13.6250       0.2083       0.0044
    -13.3750       0.2037       0.0043
    -13.1250       0.1994       0.0042
    -12.8750       0.1950       0.0042
    -12.6250       0.1901       0.0042
    -12.3750       0.1860       0.0041
    -12.1250       0.1824       0.0040
    -11.8750       0.1783       0.0040
    -11.6250       0.1743       0.0039
    -11.3750       0.1712       0.0039
    -11.1250       0.1677       0.0038
    -10.8750       0.1651       0.0037
    -10.6250       0.1619       0.0037
    -10.3750       0.1594       0.0037
    -10.1250       0.1569       0.0036
     -9.8750       0.1547       0.0036
     -9.6250       0.1525       0.0035
     -9.3750       0.1511       0.0034
     -9.1250       0.1494       0.0033
     -8.8750       0.1477       0.0033
     -8.6250       0.1465       0.0032
     -8.3750       0.1452       0.0032
     -8.1250       0.1444       0.0032
     -7.8750       0.1435       0.0031
     -7.6250       0.1426       0.0031
     -7.3750       0.1417       0.0031
     -7.1250       0.1408       0.0031
     -6.8750       0.1403       0.0031
     -6.6250       0.1393       0.0030
     -6.3750       0.1387       0.0031
     -6.1250       0.1380       0.0031
     -5.8750       0.1371       0.0030
     -5.6250       0.1364       0.0030
     -5.3750       0.1356       0.0030
     -5.1250       0.1345       0.0030
     -4.8750       0.1335       0.0030
     -4.6250       0.1329       0.0030
     -4.3750       0.1321       0.0030
     -4.1250       0.1309       0.0030
     -3.8750       0.1301       0.0030
     -3.6250       0.1288       0.0030
     -3.3750       0.1279       0.0029
     -3.1250       0.1264       0.0029
     -2.8750       0.1254       0.0029
     -2.6250       0.1243       0.0029
     -2.3750       0.1235       0.0028
     -2.1250       0.1223       0.0029
     -1.8750       0.1213       0.0029
     -1.6250       0.1201       0.0029
     -1.3750       0.1191       0.0029
     -1.1250       0.1186       0.0029
     -0.8750       0.1180       0.0029
     -0.6250       0.1174       0.0029
     -0.3750       0.1168       0.0029
     -0.1250       0.1167       0.0029
      0.1250       0.1164       0.0029
      0.3750       0.1164       0.0029
      0.6250       0.1165       0.0029
      0.8750       0.1169       0.0029
      1.1250       0.1170       0.0029
      1.3750       0.1175       0.0029
      1.6250       0.1182       0.0029
      1.8750       0.1188       0.0028
      2.1250       0.1196       0.0028
      2.3750       0.1202       0.0029
      2.6250       0.1209       0.0029
      2.8750       0.1222       0.0029
      3.1250       0.1229       0.0029
      3.3750       0.1240       0.0029
      3.6250       0.1249       0.0029
      3.8750       0.1260       0.0029
      4.1250       0.1271       0.0030
      4.3750       0.1281       0.0030
      4.6250       0.1291       0.0030
      4.8750       0.1301       0.0030
      5.1250       0.1310       0.0030
      5.3750       0.1316       0.0030
      5.6250       0.1328       0.0030
      5.8750       0.1334       0.0030
      6.1250       0.1343       0.0030
      6.3750       0.1345       0.0030
      6.6250       0.1353       0.0031
      6.8750       0.1362       0.0031
      7.1250       0.1371       0.0030
      7.3750       0.1372       0.0030
      7.6250       0.1381       0.0031
      7.8750       0.1387       0.0031
      8.1250       0.1395       0.0032
      8.3750       0.1405       0.0031
      8.6250       0.1413       0.0032
      8.8750       0.1420       0.0032
      9.1250       0.1430       0.0032
      9.3750       0.1443       0.0033
      9.6250       0.1458       0.0033
      9.8750       0.1473       0.0034
     10.1250       0.1490       0.0035
     10.3750       0.1508       0.0035
     10.6250       0.1528       0.0035
     10.8750       0.1549       0.0036
     11.1250       0.1573       0.0037
     11.3750       0.1601       0.0037
     11.6250       0.1630       0.0038
     11.8750       0.1662       0.0038
     12.1250       0.1692       0.0039
     12.3750       0.1732       0.0039
     12.6250       0.1763       0.0040
     12.8750       0.1806       0.0040
     13.1250       0.1844       0.0040
     13.3750       0.1882       0.0041
     13.6250       0.1932       0.0042
     13.8750       0.1969       0.0042
     14.1250       0.2012       0.0043
     14.3750       0.2055       0.0044
     14.6250       0.2098       0.0045
     14.8750       0.2138       0.0045
     15.1250       0.2174       0.0047
     15.3750       0.2206       0.0047
     15.6250       0.2243       0.0048
     15.8750       0.2272       0.0050
     16.1250       0.2305       0.0051
     16.3750       0.2327       0.0051
     16.6250       0.2345       0.0052
     16.8750       0.2364       0.0053
     17.1250       0.2375       0.0052
     17.3750       0.2386       0.0054
     17.6250       0.2391       0.0054
     17.8750       0.2387       0.0055
     18.1250       0.2386       0.0055
     18.3750       0.2372       0.0056
     18.6250       0.2361       0.0056
     18.8750       0.2340       0.0056
     19.1250       0.2316       0.0055
     19.3750       0.2288       0.0056
     19.6250       0.2255       0.0056
     19.8750       0.2211       0.0056
     20.1250       0.2172       0.0056
     20.3750       0.2123       0.0054
     20.6250       0.2066       0.0054
     20.8750       0.2002       0.0053
     21.1250       0.1938       0.0053
     21.3750       0.1876       0.0051
     21.6250       0.1801       0.0049
     21.8750       0.1721       0.0048
     22.1250       0.1645       0.0046
     22.3750       0.1565       0.0045
     22.6250       0.1482       0.0043
     22.8750       0.1394       0.0043
     23.1250       0.1310       0.0041
     23.3750       0.1230       0.0039
     23.6250       0.1142       0.0039
     23.8750       0.1061       0.0038
     24.1250       0.0979       0.0038
     24.3750       0.0899       0.0037
     24.6250       0.0825       0.0037
     24.8750       0.0752       0.0036
     25.1250       0.0683       0.0035
     25.3750       0.0620       0.0034
     25.6250       0.0553       0.0033
     25.8750       0.0498       0.0032
     26.1250       0.0444       0.0030
     26.3750       0.0393       0.0029
     26.6250       0.0347       0.0028
     26.8750       0.0303       0.0027
     27.1250       0.0268       0.0025
     27.3750       0.0234       0.0024
     27.6250       0.0202       0.0022
     27.8750       0.0175       0.0020
     28.1250       0.0149       0.0019
     28.3750       0.0128       0.0017
     28.6250       0.0110       0.0016
     28.8750       0.0092       0.0015
     29.1250       0.0078       0.0014
     29.3750       0.0065       0.0012
     29.6250       0.0054       0.0011
     29.8750       0.0045       0.0010
     30.1250       0.0037       0.0009
     30.3750       0.0030       0.0008
     30.6250       0.0024       0.0007
     30.8750       0.0020       0.0006
     31.1250       0.0015       0.0005
     31.3750       0.0012       0.0004
     31.6250       0.0010       0.0004
     31.8750       0.0008       0.0003
     32.1250       0.0006       0.0003
     32.3750       0.0005       0.0003
     32.6250       0.0004       0.0002
     32.8750       0.0003       0.0002
     33.1250       0.0002       0.0002
     33.3750       0.0002       0.0001
     33.6250       0.0001       0.0001
     33.8750       0.0001       0.0001
     34.1250       0.0001       0.0001
     34.3750       0.0000       0.0001
     34.6250       0.0000       0.0001
     34.8750       0.0000       0.0001
     35.1250       0.0000       0.0000
     35.3750       0.0000       0.0000
     35.6250       0.0000       0.0000
     35.8750       0.0000       0.0000
     36.1250       0.0000       0.0000
     36.3750       0.0000       0.0000
     36.6250       0.0000       0.0000
     36.8750       0.0000       0.0000
     37.1250       0.0000       0.0000
     37.3750       0.0000       0.0000
     37.6250       0.0000       0.0000
     37.8750       0.0000       0.0000
     38.1250       0.0000       0.0000
     38.3750       0.0000       0.0000
     38.6250       0.0000       0.0000
     38.8750       0.0000       0.0000
     39.1250       0.0000       0.0000
     39.3750       0.0000       0.0000
