#Z                :PC|:OL  sd(:PC|:OL)
    -38.3750       0.0000       0.0000
    -38.1250       0.0000       0.0000
    -37.8750       0.0000       0.0000
    -37.6250       0.0000       0.0000
    -37.3750       0.0000       0.0000
    -37.1250       0.0000       0.0000
    -36.8750       0.0000       0.0000
    -36.6250       0.0000       0.0000
    -36.3750       0.0000       0.0000
    -36.1250       0.0000       0.0000
    -35.8750       0.0000       0.0000
    -35.6250       0.0000       0.0000
    -35.3750       0.0000       0.0000
    -35.1250       0.0000       0.0000
    -34.8750       0.0000       0.0000
    -34.6250       0.0000       0.0001
    -34.3750       0.0000       0.0001
    -34.1250       0.0001       0.0001
    -33.8750       0.0001       0.0001
    -33.6250       0.0001       0.0001
    -33.3750       0.0002       0.0001
    -33.1250       0.0002       0.0002
    -32.8750       0.0003       0.0002
    -32.6250       0.0004       0.0002
    -32.3750       0.0005       0.0003
    -32.1250       0.0006       0.0003
    -31.8750       0.0008       0.0004
    -31.6250       0.0010       0.0004
    -31.3750       0.0013       0.0005
    -31.1250       0.0016       0.0006
    -30.8750       0.0020       0.0006
    -30.6250       0.0024       0.0007
    -30.3750       0.0030       0.0008
    -30.1250       0.0037       0.0009
    -29.8750       0.0045       0.0010
    -29.6250       0.0054       0.0011
    -29.3750       0.0065       0.0013
    -29.1250       0.0077       0.0014
    -28.8750       0.0092       0.0016
    -28.6250       0.0108       0.0017
    -28.3750       0.0127       0.0019
    -28.1250       0.0148       0.0020
    -27.8750       0.0172       0.0022
    -27.6250       0.0199       0.0024
    -27.3750       0.0229       0.0026
    -27.1250       0.0262       0.0027
    -26.8750       0.0298       0.0029
    -26.6250       0.0340       0.0030
    -26.3750       0.0384       0.0032
    -26.1250       0.0430       0.0033
    -25.8750       0.0482       0.0035
    -25.6250       0.0538       0.0036
    -25.3750       0.0597       0.0038
    -25.1250       0.0660       0.0038
    -24.8750       0.0727       0.0039
    -24.6250       0.0794       0.0039
    -24.3750       0.0870       0.0041
    -24.1250       0.0945       0.0041
    -23.8750       0.1024       0.0042
    -23.6250       0.1099       0.0042
    -23.3750       0.1180       0.0042
    -23.1250       0.1260       0.0042
    -22.8750       0.1345       0.0044
    -22.6250       0.1422       0.0044
    -22.3750       0.1503       0.0044
    -22.1250       0.1588       0.0046
    -21.8750       0.1665       0.0047
    -21.6250       0.1743       0.0047
    -21.3750       0.1814       0.0049
    -21.1250       0.1888       0.0050
    -20.8750       0.1952       0.0051
    -20.6250       0.2016       0.0052
    -20.3750       0.2076       0.0053
    -20.1250       0.2129       0.0055
    -19.8750       0.2184       0.0056
    -19.6250       0.2231       0.0057
    -19.3750       0.2271       0.0058
    -19.1250       0.2304       0.0058
    -18.8750       0.2341       0.0058
    -18.6250       0.2366       0.0058
    -18.3750       0.2389       0.0057
    -18.1250       0.2402       0.0058
    -17.8750       0.2415       0.0057
    -17.6250       0.2422       0.0057
    -17.3750       0.2425       0.0057
    -17.1250       0.2425       0.0056
    -16.8750       0.2417       0.0056
    -16.6250       0.2410       0.0056
    -16.3750       0.2393       0.0055
    -16.1250       0.2381       0.0054
    -15.8750       0.2358       0.0052
    -15.6250       0.2329       0.0053
    -15.3750       0.2303       0.0051
    -15.1250       0.2273       0.0051
    -14.8750       0.2244       0.0050
    -14.6250       0.2207       0.0049
    -14.3750       0.2169       0.0047
    -14.1250       0.2129       0.0046
    -13.8750       0.2094       0.0044
    -13.6250       0.2050       0.0044
    -13.3750       0.2010       0.0044
    -13.1250       0.1971       0.0043
    -12.8750       0.1931       0.0042
    -12.6250       0.1893       0.0041
    -12.3750       0.1852       0.0041
    -12.1250       0.1813       0.0040
    -11.8750       0.1778       0.0040
    -11.6250       0.1741       0.0039
    -11.3750       0.1713       0.0039
    -11.1250       0.1683       0.0038
    -10.8750       0.1655       0.0038
    -10.6250       0.1625       0.0037
    -10.3750       0.1602       0.0037
    -10.1250       0.1580       0.0036
     -9.8750       0.1559       0.0035
     -9.6250       0.1540       0.0035
     -9.3750       0.1522       0.0034
     -9.1250       0.1506       0.0034
     -8.8750       0.1491       0.0033
     -8.6250       0.1481       0.0033
     -8.3750       0.1465       0.0033
     -8.1250       0.1454       0.0032
     -7.8750       0.1441       0.0032
     -7.6250       0.1431       0.0032
     -7.3750       0.1418       0.0031
     -7.1250       0.1410       0.0031
     -6.8750       0.1403       0.0031
     -6.6250       0.1393       0.0031
     -6.3750       0.1387       0.0031
     -6.1250       0.1378       0.0030
     -5.8750       0.1366       0.0031
     -5.6250       0.1357       0.0031
     -5.3750       0.1349       0.0030
     -5.1250       0.1339       0.0030
     -4.8750       0.1332       0.0030
     -4.6250       0.1317       0.0030
     -4.3750       0.1311       0.0030
     -4.1250       0.1296       0.0030
     -3.8750       0.1290       0.0030
     -3.6250       0.1276       0.0030
     -3.3750       0.1263       0.0029
     -3.1250       0.1256       0.0029
     -2.8750       0.1244       0.0029
     -2.6250       0.1234       0.0029
     -2.3750       0.1221       0.0029
     -2.1250       0.1213       0.0029
     -1.8750       0.1202       0.0029
     -1.6250       0.1197       0.0028
     -1.3750       0.1189       0.0029
     -1.1250       0.1183       0.0029
     -0.8750       0.1177       0.0029
     -0.6250       0.1171       0.0029
     -0.3750       0.1170       0.0029
     -0.1250       0.1165       0.0029
      0.1250       0.1164       0.0029
      0.3750       0.1166       0.0029
      0.6250       0.1166       0.0029
      0.8750       0.1169       0.0029
      1.1250       0.1171       0.0029
      1.3750       0.1177       0.0029
      1.6250       0.1181       0.0029
      1.8750       0.1188       0.0029
      2.1250       0.1197       0.0029
      2.3750       0.1205       0.0029
      2.6250       0.1212       0.0029
      2.8750       0.1223       0.0029
      3.1250       0.1230       0.0029
      3.3750       0.1243       0.0029
      3.6250       0.1250       0.0029
      3.8750       0.1260       0.0029
      4.1250       0.1271       0.0030
      4.3750       0.1279       0.0030
      4.6250       0.1288       0.0030
      4.8750       0.1298       0.0030
      5.1250       0.1308       0.0030
      5.3750       0.1314       0.0030
      5.6250       0.1321       0.0030
      5.8750       0.1332       0.0031
      6.1250       0.1337       0.0030
      6.3750       0.1346       0.0031
      6.6250       0.1354       0.0031
      6.8750       0.1360       0.0031
      7.1250       0.1367       0.0031
      7.3750       0.1374       0.0031
      7.6250       0.1383       0.0031
      7.8750       0.1390       0.0031
      8.1250       0.1398       0.0032
      8.3750       0.1408       0.0032
      8.6250       0.1419       0.0032
      8.8750       0.1430       0.0032
      9.1250       0.1441       0.0033
      9.3750       0.1449       0.0034
      9.6250       0.1467       0.0034
      9.8750       0.1484       0.0034
     10.1250       0.1503       0.0035
     10.3750       0.1519       0.0036
     10.6250       0.1542       0.0036
     10.8750       0.1564       0.0036
     11.1250       0.1593       0.0037
     11.3750       0.1621       0.0038
     11.6250       0.1651       0.0039
     11.8750       0.1685       0.0039
     12.1250       0.1719       0.0039
     12.3750       0.1753       0.0039
     12.6250       0.1789       0.0041
     12.8750       0.1831       0.0041
     13.1250       0.1869       0.0042
     13.3750       0.1912       0.0042
     13.6250       0.1948       0.0043
     13.8750       0.1989       0.0044
     14.1250       0.2029       0.0045
     14.3750       0.2070       0.0045
     14.6250       0.2113       0.0046
     14.8750       0.2143       0.0047
     15.1250       0.2183       0.0048
     15.3750       0.2209       0.0048
     15.6250       0.2246       0.0049
     15.8750       0.2274       0.0050
     16.1250       0.2293       0.0051
     16.3750       0.2317       0.0052
     16.6250       0.2336       0.0053
     16.8750       0.2350       0.0054
     17.1250       0.2362       0.0054
     17.3750       0.2370       0.0055
     17.6250       0.2367       0.0056
     17.8750       0.2368       0.0057
     18.1250       0.2362       0.0057
     18.3750       0.2350       0.0058
     18.6250       0.2335       0.0058
     18.8750       0.2311       0.0058
     19.1250       0.2293       0.0058
     19.3750       0.2260       0.0058
     19.6250       0.2227       0.0059
     19.8750       0.2180       0.0058
     20.1250       0.2140       0.0058
     20.3750       0.2091       0.0057
     20.6250       0.2038       0.0056
     20.8750       0.1977       0.0055
     21.1250       0.1914       0.0054
     21.3750       0.1851       0.0052
     21.6250       0.1779       0.0051
     21.8750       0.1710       0.0049
     22.1250       0.1636       0.0047
     22.3750       0.1556       0.0046
     22.6250       0.1478       0.0045
     22.8750       0.1401       0.0043
     23.1250       0.1319       0.0042
     23.3750       0.1242       0.0042
     23.6250       0.1161       0.0041
     23.8750       0.1083       0.0040
     24.1250       0.1005       0.0040
     24.3750       0.0933       0.0039
     24.6250       0.0860       0.0038
     24.8750       0.0789       0.0038
     25.1250       0.0722       0.0037
     25.3750       0.0661       0.0037
     25.6250       0.0602       0.0036
     25.8750       0.0542       0.0035
     26.1250       0.0491       0.0035
     26.3750       0.0443       0.0034
     26.6250       0.0396       0.0033
     26.8750       0.0353       0.0031
     27.1250       0.0314       0.0030
     27.3750       0.0279       0.0029
     27.6250       0.0246       0.0028
     27.8750       0.0217       0.0026
     28.1250       0.0189       0.0025
     28.3750       0.0166       0.0023
     28.6250       0.0144       0.0022
     28.8750       0.0125       0.0020
     29.1250       0.0107       0.0019
     29.3750       0.0092       0.0017
     29.6250       0.0079       0.0016
     29.8750       0.0067       0.0015
     30.1250       0.0057       0.0013
     30.3750       0.0048       0.0012
     30.6250       0.0041       0.0011
     30.8750       0.0034       0.0010
     31.1250       0.0029       0.0009
     31.3750       0.0024       0.0008
     31.6250       0.0020       0.0007
     31.8750       0.0016       0.0007
     32.1250       0.0013       0.0006
     32.3750       0.0011       0.0005
     32.6250       0.0009       0.0004
     32.8750       0.0007       0.0004
     33.1250       0.0006       0.0003
     33.3750       0.0005       0.0003
     33.6250       0.0004       0.0003
     33.8750       0.0003       0.0002
     34.1250       0.0002       0.0002
     34.3750       0.0002       0.0002
     34.6250       0.0001       0.0002
     34.8750       0.0001       0.0001
     35.1250       0.0001       0.0001
     35.3750       0.0001       0.0001
     35.6250       0.0001       0.0001
     35.8750       0.0000       0.0001
     36.1250       0.0000       0.0001
     36.3750       0.0000       0.0000
     36.6250       0.0000       0.0000
     36.8750       0.0000       0.0000
     37.1250       0.0000       0.0000
     37.3750       0.0000       0.0000
     37.6250       0.0000       0.0000
     37.8750       0.0000       0.0000
     38.1250       0.0000       0.0000
     38.3750       0.0000       0.0000
     38.6250       0.0000       0.0000
     38.8750       0.0000       0.0000
     39.1250       0.0000       0.0000
     39.3750       0.0000       0.0000
     39.6250       0.0000       0.0000
     39.8750       0.0000       0.0000
     40.1250       0.0000       0.0000
     40.3750       0.0000       0.0000
