#Z                :PC|:OL  sd(:PC|:OL)
    -39.6250       0.0000       0.0000
    -39.3750       0.0000       0.0000
    -39.1250       0.0000       0.0000
    -38.8750       0.0000       0.0000
    -38.6250       0.0000       0.0000
    -38.3750       0.0000       0.0000
    -38.1250       0.0000       0.0000
    -37.8750       0.0000       0.0000
    -37.6250       0.0000       0.0000
    -37.3750       0.0000       0.0000
    -37.1250       0.0000       0.0000
    -36.8750       0.0000       0.0000
    -36.6250       0.0000       0.0000
    -36.3750       0.0000       0.0000
    -36.1250       0.0000       0.0000
    -35.8750       0.0000       0.0000
    -35.6250       0.0000       0.0001
    -35.3750       0.0000       0.0001
    -35.1250       0.0001       0.0001
    -34.8750       0.0001       0.0001
    -34.6250       0.0001       0.0001
    -34.3750       0.0001       0.0001
    -34.1250       0.0002       0.0001
    -33.8750       0.0002       0.0002
    -33.6250       0.0003       0.0002
    -33.3750       0.0004       0.0002
    -33.1250       0.0005       0.0003
    -32.8750       0.0006       0.0003
    -32.6250       0.0007       0.0003
    -32.3750       0.0009       0.0004
    -32.1250       0.0012       0.0005
    -31.8750       0.0014       0.0005
    -31.6250       0.0018       0.0006
    -31.3750       0.0021       0.0007
    -31.1250       0.0027       0.0008
    -30.8750       0.0032       0.0009
    -30.6250       0.0038       0.0010
    -30.3750       0.0045       0.0012
    -30.1250       0.0054       0.0013
    -29.8750       0.0064       0.0015
    -29.6250       0.0075       0.0016
    -29.3750       0.0090       0.0018
    -29.1250       0.0104       0.0019
    -28.8750       0.0121       0.0021
    -28.6250       0.0142       0.0023
    -28.3750       0.0161       0.0024
    -28.1250       0.0187       0.0026
    -27.8750       0.0212       0.0028
    -27.6250       0.0242       0.0029
    -27.3750       0.0273       0.0031
    -27.1250       0.0310       0.0033
    -26.8750       0.0347       0.0034
    -26.6250       0.0389       0.0035
    -26.3750       0.0433       0.0036
    -26.1250       0.0481       0.0036
    -25.8750       0.0533       0.0039
    -25.6250       0.0591       0.0040
    -25.3750       0.0651       0.0041
    -25.1250       0.0711       0.0041
    -24.8750       0.0775       0.0041
    -24.6250       0.0844       0.0042
    -24.3750       0.0910       0.0043
    -24.1250       0.0983       0.0043
    -23.8750       0.1054       0.0044
    -23.6250       0.1132       0.0044
    -23.3750       0.1205       0.0045
    -23.1250       0.1288       0.0044
    -22.8750       0.1359       0.0045
    -22.6250       0.1441       0.0045
    -22.3750       0.1508       0.0045
    -22.1250       0.1586       0.0047
    -21.8750       0.1664       0.0048
    -21.6250       0.1740       0.0048
    -21.3750       0.1805       0.0051
    -21.1250       0.1871       0.0052
    -20.8750       0.1936       0.0052
    -20.6250       0.1992       0.0054
    -20.3750       0.2053       0.0054
    -20.1250       0.2102       0.0056
    -19.8750       0.2147       0.0057
    -19.6250       0.2188       0.0058
    -19.3750       0.2227       0.0058
    -19.1250       0.2256       0.0059
    -18.8750       0.2285       0.0058
    -18.6250       0.2308       0.0059
    -18.3750       0.2334       0.0059
    -18.1250       0.2343       0.0059
    -17.8750       0.2356       0.0058
    -17.6250       0.2367       0.0059
    -17.3750       0.2373       0.0059
    -17.1250       0.2376       0.0059
    -16.8750       0.2372       0.0059
    -16.6250       0.2361       0.0057
    -16.3750       0.2353       0.0057
    -16.1250       0.2339       0.0055
    -15.8750       0.2318       0.0056
    -15.6250       0.2304       0.0052
    -15.3750       0.2278       0.0052
    -15.1250       0.2246       0.0052
    -14.8750       0.2215       0.0050
    -14.6250       0.2184       0.0050
    -14.3750       0.2147       0.0048
    -14.1250       0.2116       0.0047
    -13.8750       0.2075       0.0046
    -13.6250       0.2038       0.0045
    -13.3750       0.2006       0.0044
    -13.1250       0.1967       0.0044
    -12.8750       0.1927       0.0043
    -12.6250       0.1890       0.0042
    -12.3750       0.1856       0.0041
    -12.1250       0.1827       0.0041
    -11.8750       0.1793       0.0040
    -11.6250       0.1757       0.0039
    -11.3750       0.1731       0.0039
    -11.1250       0.1706       0.0038
    -10.8750       0.1669       0.0038
    -10.6250       0.1646       0.0038
    -10.3750       0.1622       0.0036
    -10.1250       0.1594       0.0037
     -9.8750       0.1571       0.0035
     -9.6250       0.1553       0.0035
     -9.3750       0.1529       0.0035
     -9.1250       0.1515       0.0034
     -8.8750       0.1498       0.0034
     -8.6250       0.1483       0.0033
     -8.3750       0.1469       0.0033
     -8.1250       0.1459       0.0032
     -7.8750       0.1443       0.0032
     -7.6250       0.1431       0.0032
     -7.3750       0.1422       0.0031
     -7.1250       0.1410       0.0032
     -6.8750       0.1401       0.0031
     -6.6250       0.1390       0.0031
     -6.3750       0.1380       0.0031
     -6.1250       0.1373       0.0031
     -5.8750       0.1363       0.0031
     -5.6250       0.1354       0.0031
     -5.3750       0.1343       0.0030
     -5.1250       0.1337       0.0030
     -4.8750       0.1323       0.0030
     -4.6250       0.1313       0.0030
     -4.3750       0.1307       0.0030
     -4.1250       0.1295       0.0030
     -3.8750       0.1285       0.0030
     -3.6250       0.1274       0.0029
     -3.3750       0.1263       0.0030
     -3.1250       0.1255       0.0029
     -2.8750       0.1243       0.0030
     -2.6250       0.1234       0.0029
     -2.3750       0.1225       0.0029
     -2.1250       0.1218       0.0029
     -1.8750       0.1206       0.0028
     -1.6250       0.1201       0.0029
     -1.3750       0.1195       0.0029
     -1.1250       0.1190       0.0029
     -0.8750       0.1183       0.0029
     -0.6250       0.1180       0.0029
     -0.3750       0.1176       0.0029
     -0.1250       0.1176       0.0028
      0.1250       0.1175       0.0029
      0.3750       0.1170       0.0029
      0.6250       0.1173       0.0029
      0.8750       0.1175       0.0028
      1.1250       0.1180       0.0029
      1.3750       0.1184       0.0029
      1.6250       0.1187       0.0029
      1.8750       0.1189       0.0029
      2.1250       0.1202       0.0029
      2.3750       0.1207       0.0030
      2.6250       0.1212       0.0030
      2.8750       0.1225       0.0029
      3.1250       0.1232       0.0029
      3.3750       0.1242       0.0030
      3.6250       0.1249       0.0030
      3.8750       0.1260       0.0029
      4.1250       0.1270       0.0029
      4.3750       0.1279       0.0029
      4.6250       0.1286       0.0030
      4.8750       0.1294       0.0030
      5.1250       0.1308       0.0030
      5.3750       0.1313       0.0031
      5.6250       0.1321       0.0031
      5.8750       0.1333       0.0030
      6.1250       0.1336       0.0031
      6.3750       0.1343       0.0031
      6.6250       0.1352       0.0031
      6.8750       0.1359       0.0031
      7.1250       0.1364       0.0031
      7.3750       0.1369       0.0031
      7.6250       0.1379       0.0031
      7.8750       0.1391       0.0032
      8.1250       0.1396       0.0032
      8.3750       0.1406       0.0032
      8.6250       0.1414       0.0032
      8.8750       0.1428       0.0032
      9.1250       0.1439       0.0034
      9.3750       0.1453       0.0033
      9.6250       0.1465       0.0034
      9.8750       0.1480       0.0034
     10.1250       0.1500       0.0034
     10.3750       0.1518       0.0036
     10.6250       0.1544       0.0036
     10.8750       0.1568       0.0036
     11.1250       0.1595       0.0037
     11.3750       0.1624       0.0037
     11.6250       0.1659       0.0039
     11.8750       0.1687       0.0038
     12.1250       0.1721       0.0040
     12.3750       0.1757       0.0039
     12.6250       0.1789       0.0040
     12.8750       0.1828       0.0041
     13.1250       0.1867       0.0042
     13.3750       0.1901       0.0042
     13.6250       0.1943       0.0042
     13.8750       0.1980       0.0043
     14.1250       0.2013       0.0045
     14.3750       0.2051       0.0045
     14.6250       0.2084       0.0047
     14.8750       0.2121       0.0047
     15.1250       0.2153       0.0048
     15.3750       0.2182       0.0049
     15.6250       0.2210       0.0051
     15.8750       0.2239       0.0052
     16.1250       0.2263       0.0051
     16.3750       0.2280       0.0052
     16.6250       0.2298       0.0053
     16.8750       0.2315       0.0055
     17.1250       0.2333       0.0054
     17.3750       0.2331       0.0055
     17.6250       0.2348       0.0056
     17.8750       0.2342       0.0056
     18.1250       0.2335       0.0056
     18.3750       0.2331       0.0057
     18.6250       0.2318       0.0058
     18.8750       0.2298       0.0058
     19.1250       0.2271       0.0058
     19.3750       0.2243       0.0057
     19.6250       0.2219       0.0058
     19.8750       0.2172       0.0057
     20.1250       0.2135       0.0057
     20.3750       0.2078       0.0056
     20.6250       0.2032       0.0055
     20.8750       0.1975       0.0054
     21.1250       0.1914       0.0053
     21.3750       0.1844       0.0052
     21.6250       0.1782       0.0051
     21.8750       0.1705       0.0048
     22.1250       0.1638       0.0049
     22.3750       0.1561       0.0047
     22.6250       0.1482       0.0045
     22.8750       0.1411       0.0044
     23.1250       0.1329       0.0044
     23.3750       0.1258       0.0043
     23.6250       0.1184       0.0043
     23.8750       0.1109       0.0041
     24.1250       0.1037       0.0041
     24.3750       0.0966       0.0040
     24.6250       0.0894       0.0038
     24.8750       0.0829       0.0039
     25.1250       0.0767       0.0039
     25.3750       0.0704       0.0038
     25.6250       0.0644       0.0037
     25.8750       0.0588       0.0036
     26.1250       0.0537       0.0036
     26.3750       0.0486       0.0035
     26.6250       0.0437       0.0034
     26.8750       0.0396       0.0034
     27.1250       0.0355       0.0033
     27.3750       0.0318       0.0032
     27.6250       0.0280       0.0031
     27.8750       0.0249       0.0029
     28.1250       0.0221       0.0028
     28.3750       0.0194       0.0027
     28.6250       0.0168       0.0025
     28.8750       0.0147       0.0024
     29.1250       0.0129       0.0022
     29.3750       0.0111       0.0021
     29.6250       0.0095       0.0019
     29.8750       0.0082       0.0017
     30.1250       0.0070       0.0016
     30.3750       0.0060       0.0014
     30.6250       0.0050       0.0013
     30.8750       0.0043       0.0012
     31.1250       0.0035       0.0011
     31.3750       0.0030       0.0010
     31.6250       0.0025       0.0009
     31.8750       0.0021       0.0008
     32.1250       0.0016       0.0007
     32.3750       0.0014       0.0006
     32.6250       0.0011       0.0005
     32.8750       0.0009       0.0005
     33.1250       0.0007       0.0004
     33.3750       0.0006       0.0003
     33.6250       0.0004       0.0003
     33.8750       0.0003       0.0003
     34.1250       0.0003       0.0002
     34.3750       0.0002       0.0002
     34.6250       0.0002       0.0002
     34.8750       0.0001       0.0001
     35.1250       0.0001       0.0001
     35.3750       0.0001       0.0001
     35.6250       0.0001       0.0001
     35.8750       0.0000       0.0001
     36.1250       0.0000       0.0001
     36.3750       0.0000       0.0000
     36.6250       0.0000       0.0000
     36.8750       0.0000       0.0000
     37.1250       0.0000       0.0000
     37.3750       0.0000       0.0000
     37.6250       0.0000       0.0000
     37.8750       0.0000       0.0000
     38.1250       0.0000       0.0000
     38.3750       0.0000       0.0000
     38.6250       0.0000       0.0000
     38.8750       0.0000       0.0000
     39.1250       0.0000       0.0000
     39.3750       0.0000       0.0000
     39.6250       0.0000       0.0000
     39.8750       0.0000       0.0000
     40.1250       0.0000       0.0000
     40.3750       0.0000       0.0000
     40.6250       0.0000       0.0000
