#Z                :PC|:OL  sd(:PC|:OL)
    -39.3750       0.0000       0.0000
    -39.1250       0.0000       0.0000
    -38.8750       0.0000       0.0000
    -38.6250       0.0000       0.0000
    -38.3750       0.0000       0.0000
    -38.1250       0.0000       0.0000
    -37.8750       0.0000       0.0000
    -37.6250       0.0000       0.0000
    -37.3750       0.0000       0.0000
    -37.1250       0.0000       0.0000
    -36.8750       0.0000       0.0000
    -36.6250       0.0000       0.0000
    -36.3750       0.0000       0.0000
    -36.1250       0.0000       0.0000
    -35.8750       0.0000       0.0000
    -35.6250       0.0000       0.0000
    -35.3750       0.0000       0.0001
    -35.1250       0.0000       0.0001
    -34.8750       0.0001       0.0001
    -34.6250       0.0001       0.0001
    -34.3750       0.0001       0.0001
    -34.1250       0.0001       0.0001
    -33.8750       0.0002       0.0001
    -33.6250       0.0002       0.0002
    -33.3750       0.0003       0.0002
    -33.1250       0.0004       0.0002
    -32.8750       0.0004       0.0002
    -32.6250       0.0006       0.0003
    -32.3750       0.0007       0.0003
    -32.1250       0.0008       0.0004
    -31.8750       0.0010       0.0004
    -31.6250       0.0012       0.0005
    -31.3750       0.0015       0.0005
    -31.1250       0.0017       0.0006
    -30.8750       0.0020       0.0006
    -30.6250       0.0025       0.0007
    -30.3750       0.0030       0.0008
    -30.1250       0.0035       0.0009
    -29.8750       0.0042       0.0010
    -29.6250       0.0049       0.0010
    -29.3750       0.0059       0.0012
    -29.1250       0.0069       0.0013
    -28.8750       0.0082       0.0014
    -28.6250       0.0095       0.0015
    -28.3750       0.0111       0.0016
    -28.1250       0.0130       0.0018
    -27.8750       0.0151       0.0019
    -27.6250       0.0173       0.0020
    -27.3750       0.0199       0.0021
    -27.1250       0.0228       0.0023
    -26.8750       0.0261       0.0024
    -26.6250       0.0299       0.0025
    -26.3750       0.0336       0.0027
    -26.1250       0.0381       0.0028
    -25.8750       0.0428       0.0030
    -25.6250       0.0476       0.0030
    -25.3750       0.0533       0.0031
    -25.1250       0.0592       0.0033
    -24.8750       0.0652       0.0034
    -24.6250       0.0722       0.0035
    -24.3750       0.0790       0.0035
    -24.1250       0.0864       0.0037
    -23.8750       0.0945       0.0038
    -23.6250       0.1024       0.0040
    -23.3750       0.1107       0.0040
    -23.1250       0.1194       0.0040
    -22.8750       0.1283       0.0041
    -22.6250       0.1372       0.0042
    -22.3750       0.1462       0.0043
    -22.1250       0.1548       0.0044
    -21.8750       0.1634       0.0045
    -21.6250       0.1722       0.0047
    -21.3750       0.1803       0.0049
    -21.1250       0.1877       0.0051
    -20.8750       0.1959       0.0052
    -20.6250       0.2036       0.0052
    -20.3750       0.2096       0.0054
    -20.1250       0.2156       0.0054
    -19.8750       0.2221       0.0056
    -19.6250       0.2267       0.0058
    -19.3750       0.2310       0.0056
    -19.1250       0.2355       0.0056
    -18.8750       0.2385       0.0057
    -18.6250       0.2417       0.0057
    -18.3750       0.2438       0.0055
    -18.1250       0.2461       0.0056
    -17.8750       0.2470       0.0055
    -17.6250       0.2472       0.0054
    -17.3750       0.2481       0.0055
    -17.1250       0.2485       0.0054
    -16.8750       0.2473       0.0053
    -16.6250       0.2473       0.0054
    -16.3750       0.2454       0.0053
    -16.1250       0.2432       0.0051
    -15.8750       0.2412       0.0053
    -15.6250       0.2378       0.0051
    -15.3750       0.2350       0.0050
    -15.1250       0.2323       0.0049
    -14.8750       0.2288       0.0048
    -14.6250       0.2246       0.0048
    -14.3750       0.2205       0.0047
    -14.1250       0.2172       0.0045
    -13.8750       0.2122       0.0044
    -13.6250       0.2084       0.0045
    -13.3750       0.2039       0.0043
    -13.1250       0.1991       0.0043
    -12.8750       0.1945       0.0042
    -12.6250       0.1901       0.0042
    -12.3750       0.1861       0.0041
    -12.1250       0.1815       0.0040
    -11.8750       0.1776       0.0040
    -11.6250       0.1735       0.0039
    -11.3750       0.1700       0.0038
    -11.1250       0.1668       0.0037
    -10.8750       0.1637       0.0037
    -10.6250       0.1607       0.0036
    -10.3750       0.1583       0.0037
    -10.1250       0.1557       0.0036
     -9.8750       0.1538       0.0035
     -9.6250       0.1518       0.0034
     -9.3750       0.1500       0.0034
     -9.1250       0.1483       0.0033
     -8.8750       0.1474       0.0033
     -8.6250       0.1458       0.0032
     -8.3750       0.1448       0.0032
     -8.1250       0.1440       0.0032
     -7.8750       0.1431       0.0031
     -7.6250       0.1425       0.0031
     -7.3750       0.1418       0.0031
     -7.1250       0.1412       0.0030
     -6.8750       0.1403       0.0032
     -6.6250       0.1399       0.0030
     -6.3750       0.1391       0.0030
     -6.1250       0.1380       0.0030
     -5.8750       0.1377       0.0031
     -5.6250       0.1368       0.0031
     -5.3750       0.1358       0.0031
     -5.1250       0.1349       0.0031
     -4.8750       0.1336       0.0030
     -4.6250       0.1325       0.0030
     -4.3750       0.1317       0.0030
     -4.1250       0.1303       0.0030
     -3.8750       0.1295       0.0030
     -3.6250       0.1282       0.0029
     -3.3750       0.1271       0.0030
     -3.1250       0.1256       0.0029
     -2.8750       0.1246       0.0030
     -2.6250       0.1233       0.0029
     -2.3750       0.1219       0.0029
     -2.1250       0.1213       0.0029
     -1.8750       0.1205       0.0029
     -1.6250       0.1192       0.0029
     -1.3750       0.1188       0.0029
     -1.1250       0.1177       0.0029
     -0.8750       0.1169       0.0029
     -0.6250       0.1159       0.0028
     -0.3750       0.1157       0.0029
     -0.1250       0.1158       0.0029
      0.1250       0.1158       0.0029
      0.3750       0.1157       0.0029
      0.6250       0.1158       0.0029
      0.8750       0.1162       0.0029
      1.1250       0.1167       0.0029
      1.3750       0.1169       0.0029
      1.6250       0.1178       0.0029
      1.8750       0.1183       0.0029
      2.1250       0.1191       0.0029
      2.3750       0.1197       0.0029
      2.6250       0.1209       0.0029
      2.8750       0.1217       0.0029
      3.1250       0.1226       0.0029
      3.3750       0.1235       0.0029
      3.6250       0.1245       0.0029
      3.8750       0.1258       0.0030
      4.1250       0.1269       0.0029
      4.3750       0.1274       0.0030
      4.6250       0.1284       0.0030
      4.8750       0.1295       0.0030
      5.1250       0.1302       0.0030
      5.3750       0.1311       0.0031
      5.6250       0.1319       0.0030
      5.8750       0.1323       0.0031
      6.1250       0.1334       0.0030
      6.3750       0.1340       0.0031
      6.6250       0.1349       0.0030
      6.8750       0.1353       0.0031
      7.1250       0.1356       0.0030
      7.3750       0.1364       0.0031
      7.6250       0.1374       0.0031
      7.8750       0.1384       0.0030
      8.1250       0.1388       0.0032
      8.3750       0.1393       0.0032
      8.6250       0.1403       0.0031
      8.8750       0.1415       0.0032
      9.1250       0.1425       0.0032
      9.3750       0.1437       0.0033
      9.6250       0.1451       0.0032
      9.8750       0.1467       0.0034
     10.1250       0.1481       0.0034
     10.3750       0.1501       0.0035
     10.6250       0.1519       0.0035
     10.8750       0.1547       0.0036
     11.1250       0.1570       0.0037
     11.3750       0.1599       0.0036
     11.6250       0.1625       0.0037
     11.8750       0.1661       0.0039
     12.1250       0.1692       0.0039
     12.3750       0.1735       0.0039
     12.6250       0.1766       0.0040
     12.8750       0.1818       0.0041
     13.1250       0.1854       0.0041
     13.3750       0.1897       0.0043
     13.6250       0.1935       0.0043
     13.8750       0.1986       0.0044
     14.1250       0.2026       0.0046
     14.3750       0.2062       0.0046
     14.6250       0.2105       0.0046
     14.8750       0.2136       0.0049
     15.1250       0.2177       0.0050
     15.3750       0.2200       0.0050
     15.6250       0.2231       0.0050
     15.8750       0.2263       0.0051
     16.1250       0.2294       0.0052
     16.3750       0.2309       0.0052
     16.6250       0.2330       0.0054
     16.8750       0.2348       0.0054
     17.1250       0.2358       0.0053
     17.3750       0.2371       0.0054
     17.6250       0.2377       0.0055
     17.8750       0.2378       0.0055
     18.1250       0.2375       0.0056
     18.3750       0.2373       0.0058
     18.6250       0.2361       0.0056
     18.8750       0.2341       0.0056
     19.1250       0.2317       0.0057
     19.3750       0.2294       0.0058
     19.6250       0.2261       0.0056
     19.8750       0.2222       0.0056
     20.1250       0.2169       0.0055
     20.3750       0.2114       0.0055
     20.6250       0.2065       0.0053
     20.8750       0.2002       0.0054
     21.1250       0.1941       0.0053
     21.3750       0.1875       0.0052
     21.6250       0.1799       0.0051
     21.8750       0.1721       0.0049
     22.1250       0.1646       0.0048
     22.3750       0.1564       0.0047
     22.6250       0.1485       0.0046
     22.8750       0.1409       0.0043
     23.1250       0.1321       0.0043
     23.3750       0.1238       0.0043
     23.6250       0.1160       0.0041
     23.8750       0.1075       0.0040
     24.1250       0.0997       0.0040
     24.3750       0.0921       0.0040
     24.6250       0.0852       0.0040
     24.8750       0.0779       0.0038
     25.1250       0.0707       0.0038
     25.3750       0.0645       0.0037
     25.6250       0.0581       0.0036
     25.8750       0.0523       0.0035
     26.1250       0.0466       0.0034
     26.3750       0.0416       0.0032
     26.6250       0.0371       0.0031
     26.8750       0.0327       0.0029
     27.1250       0.0286       0.0027
     27.3750       0.0250       0.0026
     27.6250       0.0219       0.0024
     27.8750       0.0190       0.0022
     28.1250       0.0163       0.0020
     28.3750       0.0143       0.0019
     28.6250       0.0121       0.0018
     28.8750       0.0103       0.0016
     29.1250       0.0088       0.0015
     29.3750       0.0073       0.0014
     29.6250       0.0062       0.0012
     29.8750       0.0050       0.0011
     30.1250       0.0042       0.0010
     30.3750       0.0034       0.0009
     30.6250       0.0028       0.0008
     30.8750       0.0023       0.0007
     31.1250       0.0018       0.0006
     31.3750       0.0014       0.0005
     31.6250       0.0011       0.0004
     31.8750       0.0009       0.0004
     32.1250       0.0007       0.0003
     32.3750       0.0005       0.0003
     32.6250       0.0004       0.0002
     32.8750       0.0003       0.0002
     33.1250       0.0002       0.0002
     33.3750       0.0002       0.0002
     33.6250       0.0001       0.0001
     33.8750       0.0001       0.0001
     34.1250       0.0001       0.0001
     34.3750       0.0001       0.0001
     34.6250       0.0000       0.0001
     34.8750       0.0000       0.0001
     35.1250       0.0000       0.0000
     35.3750       0.0000       0.0000
     35.6250       0.0000       0.0000
     35.8750       0.0000       0.0000
     36.1250       0.0000       0.0000
     36.3750       0.0000       0.0000
     36.6250       0.0000       0.0000
     36.8750       0.0000       0.0000
     37.1250       0.0000       0.0000
     37.3750       0.0000       0.0000
     37.6250       0.0000       0.0000
     37.8750       0.0000       0.0000
     38.1250       0.0000       0.0000
     38.3750       0.0000       0.0000
