#Z                :PC|:OL  sd(:PC|:OL)
    -38.1250       0.0000       0.0000
    -37.8750       0.0000       0.0000
    -37.6250       0.0000       0.0000
    -37.3750       0.0000       0.0000
    -37.1250       0.0000       0.0000
    -36.8750       0.0000       0.0000
    -36.6250       0.0000       0.0000
    -36.3750       0.0000       0.0000
    -36.1250       0.0000       0.0000
    -35.8750       0.0000       0.0000
    -35.6250       0.0000       0.0000
    -35.3750       0.0000       0.0000
    -35.1250       0.0000       0.0000
    -34.8750       0.0000       0.0001
    -34.6250       0.0000       0.0001
    -34.3750       0.0000       0.0001
    -34.1250       0.0001       0.0001
    -33.8750       0.0001       0.0001
    -33.6250       0.0001       0.0001
    -33.3750       0.0002       0.0001
    -33.1250       0.0002       0.0002
    -32.8750       0.0003       0.0002
    -32.6250       0.0003       0.0002
    -32.3750       0.0004       0.0003
    -32.1250       0.0006       0.0003
    -31.8750       0.0007       0.0003
    -31.6250       0.0009       0.0004
    -31.3750       0.0011       0.0005
    -31.1250       0.0014       0.0005
    -30.8750       0.0017       0.0006
    -30.6250       0.0022       0.0007
    -30.3750       0.0027       0.0007
    -30.1250       0.0033       0.0008
    -29.8750       0.0040       0.0010
    -29.6250       0.0049       0.0011
    -29.3750       0.0059       0.0012
    -29.1250       0.0071       0.0013
    -28.8750       0.0084       0.0015
    -28.6250       0.0099       0.0016
    -28.3750       0.0117       0.0017
    -28.1250       0.0139       0.0019
    -27.8750       0.0159       0.0020
    -27.6250       0.0187       0.0022
    -27.3750       0.0215       0.0024
    -27.1250       0.0247       0.0025
    -26.8750       0.0284       0.0027
    -26.6250       0.0322       0.0028
    -26.3750       0.0366       0.0029
    -26.1250       0.0410       0.0031
    -25.8750       0.0464       0.0032
    -25.6250       0.0516       0.0034
    -25.3750       0.0575       0.0035
    -25.1250       0.0638       0.0036
    -24.8750       0.0701       0.0037
    -24.6250       0.0770       0.0037
    -24.3750       0.0842       0.0038
    -24.1250       0.0919       0.0039
    -23.8750       0.0994       0.0040
    -23.6250       0.1077       0.0041
    -23.3750       0.1159       0.0042
    -23.1250       0.1239       0.0042
    -22.8750       0.1323       0.0043
    -22.6250       0.1407       0.0044
    -22.3750       0.1490       0.0045
    -22.1250       0.1568       0.0046
    -21.8750       0.1651       0.0047
    -21.6250       0.1725       0.0049
    -21.3750       0.1794       0.0049
    -21.1250       0.1867       0.0050
    -20.8750       0.1932       0.0052
    -20.6250       0.1994       0.0053
    -20.3750       0.2061       0.0054
    -20.1250       0.2109       0.0056
    -19.8750       0.2165       0.0055
    -19.6250       0.2215       0.0057
    -19.3750       0.2258       0.0057
    -19.1250       0.2296       0.0057
    -18.8750       0.2336       0.0057
    -18.6250       0.2358       0.0057
    -18.3750       0.2385       0.0058
    -18.1250       0.2408       0.0058
    -17.8750       0.2418       0.0057
    -17.6250       0.2429       0.0057
    -17.3750       0.2433       0.0056
    -17.1250       0.2432       0.0056
    -16.8750       0.2423       0.0055
    -16.6250       0.2414       0.0055
    -16.3750       0.2405       0.0054
    -16.1250       0.2387       0.0054
    -15.8750       0.2364       0.0053
    -15.6250       0.2340       0.0052
    -15.3750       0.2313       0.0051
    -15.1250       0.2279       0.0050
    -14.8750       0.2255       0.0050
    -14.6250       0.2218       0.0049
    -14.3750       0.2179       0.0048
    -14.1250       0.2145       0.0047
    -13.8750       0.2102       0.0045
    -13.6250       0.2062       0.0046
    -13.3750       0.2021       0.0045
    -13.1250       0.1981       0.0043
    -12.8750       0.1942       0.0043
    -12.6250       0.1899       0.0042
    -12.3750       0.1865       0.0041
    -12.1250       0.1826       0.0041
    -11.8750       0.1791       0.0040
    -11.6250       0.1757       0.0040
    -11.3750       0.1726       0.0039
    -11.1250       0.1694       0.0039
    -10.8750       0.1664       0.0037
    -10.6250       0.1640       0.0037
    -10.3750       0.1618       0.0037
    -10.1250       0.1590       0.0036
     -9.8750       0.1567       0.0035
     -9.6250       0.1553       0.0035
     -9.3750       0.1529       0.0035
     -9.1250       0.1518       0.0034
     -8.8750       0.1499       0.0034
     -8.6250       0.1487       0.0033
     -8.3750       0.1472       0.0033
     -8.1250       0.1459       0.0032
     -7.8750       0.1448       0.0032
     -7.6250       0.1438       0.0032
     -7.3750       0.1429       0.0032
     -7.1250       0.1418       0.0032
     -6.8750       0.1411       0.0032
     -6.6250       0.1399       0.0032
     -6.3750       0.1388       0.0031
     -6.1250       0.1381       0.0031
     -5.8750       0.1372       0.0030
     -5.6250       0.1364       0.0031
     -5.3750       0.1355       0.0031
     -5.1250       0.1347       0.0030
     -4.8750       0.1335       0.0031
     -4.6250       0.1330       0.0030
     -4.3750       0.1315       0.0029
     -4.1250       0.1303       0.0030
     -3.8750       0.1293       0.0030
     -3.6250       0.1286       0.0030
     -3.3750       0.1274       0.0029
     -3.1250       0.1263       0.0029
     -2.8750       0.1251       0.0029
     -2.6250       0.1240       0.0029
     -2.3750       0.1234       0.0029
     -2.1250       0.1223       0.0029
     -1.8750       0.1212       0.0029
     -1.6250       0.1201       0.0029
     -1.3750       0.1195       0.0029
     -1.1250       0.1192       0.0029
     -0.8750       0.1185       0.0028
     -0.6250       0.1178       0.0029
     -0.3750       0.1174       0.0029
     -0.1250       0.1172       0.0029
      0.1250       0.1172       0.0029
      0.3750       0.1170       0.0029
      0.6250       0.1172       0.0029
      0.8750       0.1174       0.0029
      1.1250       0.1181       0.0029
      1.3750       0.1185       0.0029
      1.6250       0.1188       0.0029
      1.8750       0.1196       0.0029
      2.1250       0.1203       0.0029
      2.3750       0.1214       0.0029
      2.6250       0.1221       0.0029
      2.8750       0.1230       0.0029
      3.1250       0.1236       0.0029
      3.3750       0.1245       0.0029
      3.6250       0.1257       0.0029
      3.8750       0.1266       0.0030
      4.1250       0.1276       0.0029
      4.3750       0.1282       0.0029
      4.6250       0.1294       0.0029
      4.8750       0.1300       0.0030
      5.1250       0.1312       0.0030
      5.3750       0.1319       0.0030
      5.6250       0.1326       0.0030
      5.8750       0.1333       0.0030
      6.1250       0.1342       0.0030
      6.3750       0.1350       0.0031
      6.6250       0.1357       0.0031
      6.8750       0.1364       0.0030
      7.1250       0.1373       0.0030
      7.3750       0.1381       0.0031
      7.6250       0.1390       0.0031
      7.8750       0.1396       0.0031
      8.1250       0.1404       0.0031
      8.3750       0.1415       0.0032
      8.6250       0.1426       0.0032
      8.8750       0.1434       0.0032
      9.1250       0.1445       0.0033
      9.3750       0.1459       0.0033
      9.6250       0.1476       0.0034
      9.8750       0.1492       0.0035
     10.1250       0.1511       0.0035
     10.3750       0.1529       0.0035
     10.6250       0.1550       0.0036
     10.8750       0.1575       0.0037
     11.1250       0.1607       0.0037
     11.3750       0.1631       0.0038
     11.6250       0.1659       0.0038
     11.8750       0.1692       0.0039
     12.1250       0.1725       0.0039
     12.3750       0.1760       0.0040
     12.6250       0.1792       0.0039
     12.8750       0.1828       0.0041
     13.1250       0.1864       0.0041
     13.3750       0.1904       0.0041
     13.6250       0.1939       0.0042
     13.8750       0.1983       0.0043
     14.1250       0.2018       0.0044
     14.3750       0.2057       0.0045
     14.6250       0.2092       0.0046
     14.8750       0.2127       0.0045
     15.1250       0.2163       0.0047
     15.3750       0.2196       0.0048
     15.6250       0.2226       0.0050
     15.8750       0.2254       0.0050
     16.1250       0.2278       0.0051
     16.3750       0.2303       0.0051
     16.6250       0.2325       0.0052
     16.8750       0.2340       0.0054
     17.1250       0.2355       0.0054
     17.3750       0.2364       0.0055
     17.6250       0.2368       0.0055
     17.8750       0.2364       0.0056
     18.1250       0.2356       0.0058
     18.3750       0.2346       0.0058
     18.6250       0.2331       0.0057
     18.8750       0.2308       0.0058
     19.1250       0.2284       0.0057
     19.3750       0.2248       0.0057
     19.6250       0.2215       0.0057
     19.8750       0.2172       0.0055
     20.1250       0.2126       0.0056
     20.3750       0.2076       0.0054
     20.6250       0.2021       0.0053
     20.8750       0.1962       0.0052
     21.1250       0.1898       0.0051
     21.3750       0.1835       0.0050
     21.6250       0.1768       0.0049
     21.8750       0.1697       0.0048
     22.1250       0.1625       0.0046
     22.3750       0.1551       0.0045
     22.6250       0.1473       0.0043
     22.8750       0.1395       0.0043
     23.1250       0.1314       0.0042
     23.3750       0.1236       0.0041
     23.6250       0.1157       0.0040
     23.8750       0.1082       0.0039
     24.1250       0.0999       0.0039
     24.3750       0.0925       0.0038
     24.6250       0.0853       0.0037
     24.8750       0.0786       0.0037
     25.1250       0.0716       0.0036
     25.3750       0.0651       0.0035
     25.6250       0.0593       0.0034
     25.8750       0.0539       0.0034
     26.1250       0.0483       0.0032
     26.3750       0.0435       0.0031
     26.6250       0.0389       0.0030
     26.8750       0.0345       0.0029
     27.1250       0.0307       0.0027
     27.3750       0.0271       0.0026
     27.6250       0.0239       0.0025
     27.8750       0.0209       0.0023
     28.1250       0.0183       0.0022
     28.3750       0.0158       0.0020
     28.6250       0.0136       0.0019
     28.8750       0.0117       0.0017
     29.1250       0.0101       0.0016
     29.3750       0.0085       0.0015
     29.6250       0.0072       0.0013
     29.8750       0.0061       0.0012
     30.1250       0.0051       0.0011
     30.3750       0.0043       0.0010
     30.6250       0.0036       0.0009
     30.8750       0.0030       0.0008
     31.1250       0.0025       0.0007
     31.3750       0.0020       0.0006
     31.6250       0.0017       0.0006
     31.8750       0.0013       0.0005
     32.1250       0.0011       0.0004
     32.3750       0.0009       0.0004
     32.6250       0.0007       0.0003
     32.8750       0.0006       0.0003
     33.1250       0.0004       0.0003
     33.3750       0.0003       0.0002
     33.6250       0.0003       0.0002
     33.8750       0.0002       0.0002
     34.1250       0.0002       0.0001
     34.3750       0.0001       0.0001
     34.6250       0.0001       0.0001
     34.8750       0.0001       0.0001
     35.1250       0.0001       0.0001
     35.3750       0.0000       0.0001
     35.6250       0.0000       0.0000
     35.8750       0.0000       0.0000
     36.1250       0.0000       0.0000
     36.3750       0.0000       0.0000
     36.6250       0.0000       0.0000
     36.8750       0.0000       0.0000
     37.1250       0.0000       0.0000
     37.3750       0.0000       0.0000
     37.6250       0.0000       0.0000
     37.8750       0.0000       0.0000
     38.1250       0.0000       0.0000
     38.3750       0.0000       0.0000
     38.6250       0.0000       0.0000
     38.8750       0.0000       0.0000
     39.1250       0.0000       0.0000
     39.3750       0.0000       0.0000
     39.6250       0.0000       0.0000
     39.8750       0.0000       0.0000
     40.1250       0.0000       0.0000
     40.3750       0.0000       0.0000
