#Z                :PC|:OL  sd(:PC|:OL)
    -39.3750       0.0000       0.0000
    -39.1250       0.0000       0.0000
    -38.8750       0.0000       0.0000
    -38.6250       0.0000       0.0000
    -38.3750       0.0000       0.0000
    -38.1250       0.0000       0.0000
    -37.8750       0.0000       0.0000
    -37.6250       0.0000       0.0000
    -37.3750       0.0000       0.0000
    -37.1250       0.0000       0.0000
    -36.8750       0.0000       0.0000
    -36.6250       0.0000       0.0000
    -36.3750       0.0000       0.0000
    -36.1250       0.0000       0.0000
    -35.8750       0.0000       0.0000
    -35.6250       0.0000       0.0000
    -35.3750       0.0000       0.0001
    -35.1250       0.0000       0.0001
    -34.8750       0.0000       0.0001
    -34.6250       0.0001       0.0001
    -34.3750       0.0001       0.0001
    -34.1250       0.0001       0.0001
    -33.8750       0.0001       0.0001
    -33.6250       0.0002       0.0002
    -33.3750       0.0002       0.0002
    -33.1250       0.0003       0.0002
    -32.8750       0.0004       0.0002
    -32.6250       0.0004       0.0003
    -32.3750       0.0006       0.0003
    -32.1250       0.0007       0.0004
    -31.8750       0.0009       0.0004
    -31.6250       0.0011       0.0005
    -31.3750       0.0014       0.0005
    -31.1250       0.0017       0.0006
    -30.8750       0.0020       0.0007
    -30.6250       0.0025       0.0008
    -30.3750       0.0030       0.0008
    -30.1250       0.0036       0.0009
    -29.8750       0.0044       0.0010
    -29.6250       0.0053       0.0011
    -29.3750       0.0062       0.0012
    -29.1250       0.0074       0.0014
    -28.8750       0.0087       0.0015
    -28.6250       0.0103       0.0016
    -28.3750       0.0119       0.0017
    -28.1250       0.0140       0.0019
    -27.8750       0.0163       0.0020
    -27.6250       0.0188       0.0021
    -27.3750       0.0217       0.0023
    -27.1250       0.0249       0.0024
    -26.8750       0.0286       0.0026
    -26.6250       0.0324       0.0028
    -26.3750       0.0364       0.0028
    -26.1250       0.0414       0.0031
    -25.8750       0.0465       0.0032
    -25.6250       0.0519       0.0033
    -25.3750       0.0572       0.0034
    -25.1250       0.0637       0.0035
    -24.8750       0.0702       0.0036
    -24.6250       0.0766       0.0036
    -24.3750       0.0842       0.0037
    -24.1250       0.0915       0.0038
    -23.8750       0.0994       0.0039
    -23.6250       0.1071       0.0040
    -23.3750       0.1150       0.0041
    -23.1250       0.1235       0.0041
    -22.8750       0.1314       0.0042
    -22.6250       0.1398       0.0043
    -22.3750       0.1481       0.0045
    -22.1250       0.1566       0.0046
    -21.8750       0.1643       0.0047
    -21.6250       0.1718       0.0048
    -21.3750       0.1790       0.0049
    -21.1250       0.1865       0.0051
    -20.8750       0.1931       0.0050
    -20.6250       0.1997       0.0052
    -20.3750       0.2058       0.0054
    -20.1250       0.2118       0.0053
    -19.8750       0.2169       0.0056
    -19.6250       0.2216       0.0056
    -19.3750       0.2256       0.0055
    -19.1250       0.2290       0.0056
    -18.8750       0.2331       0.0057
    -18.6250       0.2359       0.0055
    -18.3750       0.2384       0.0057
    -18.1250       0.2396       0.0057
    -17.8750       0.2414       0.0057
    -17.6250       0.2419       0.0055
    -17.3750       0.2425       0.0056
    -17.1250       0.2416       0.0055
    -16.8750       0.2415       0.0055
    -16.6250       0.2406       0.0054
    -16.3750       0.2390       0.0052
    -16.1250       0.2377       0.0053
    -15.8750       0.2354       0.0052
    -15.6250       0.2331       0.0050
    -15.3750       0.2299       0.0051
    -15.1250       0.2271       0.0050
    -14.8750       0.2242       0.0049
    -14.6250       0.2205       0.0048
    -14.3750       0.2169       0.0047
    -14.1250       0.2129       0.0046
    -13.8750       0.2091       0.0046
    -13.6250       0.2052       0.0045
    -13.3750       0.2007       0.0043
    -13.1250       0.1964       0.0043
    -12.8750       0.1924       0.0042
    -12.6250       0.1889       0.0041
    -12.3750       0.1850       0.0039
    -12.1250       0.1810       0.0039
    -11.8750       0.1771       0.0038
    -11.6250       0.1750       0.0038
    -11.3750       0.1712       0.0038
    -11.1250       0.1684       0.0037
    -10.8750       0.1657       0.0038
    -10.6250       0.1633       0.0036
    -10.3750       0.1610       0.0037
    -10.1250       0.1590       0.0036
     -9.8750       0.1563       0.0035
     -9.6250       0.1549       0.0034
     -9.3750       0.1530       0.0034
     -9.1250       0.1511       0.0034
     -8.8750       0.1499       0.0034
     -8.6250       0.1478       0.0033
     -8.3750       0.1468       0.0033
     -8.1250       0.1460       0.0033
     -7.8750       0.1447       0.0032
     -7.6250       0.1433       0.0032
     -7.3750       0.1427       0.0031
     -7.1250       0.1417       0.0032
     -6.8750       0.1407       0.0031
     -6.6250       0.1402       0.0031
     -6.3750       0.1394       0.0031
     -6.1250       0.1384       0.0030
     -5.8750       0.1378       0.0031
     -5.6250       0.1364       0.0030
     -5.3750       0.1357       0.0031
     -5.1250       0.1349       0.0031
     -4.8750       0.1340       0.0030
     -4.6250       0.1329       0.0030
     -4.3750       0.1322       0.0030
     -4.1250       0.1310       0.0030
     -3.8750       0.1298       0.0030
     -3.6250       0.1287       0.0030
     -3.3750       0.1277       0.0029
     -3.1250       0.1267       0.0029
     -2.8750       0.1259       0.0029
     -2.6250       0.1247       0.0029
     -2.3750       0.1236       0.0029
     -2.1250       0.1222       0.0029
     -1.8750       0.1217       0.0029
     -1.6250       0.1206       0.0029
     -1.3750       0.1196       0.0028
     -1.1250       0.1190       0.0029
     -0.8750       0.1182       0.0029
     -0.6250       0.1176       0.0029
     -0.3750       0.1175       0.0029
     -0.1250       0.1166       0.0029
      0.1250       0.1168       0.0028
      0.3750       0.1168       0.0029
      0.6250       0.1164       0.0029
      0.8750       0.1167       0.0029
      1.1250       0.1176       0.0029
      1.3750       0.1178       0.0029
      1.6250       0.1183       0.0029
      1.8750       0.1192       0.0029
      2.1250       0.1195       0.0029
      2.3750       0.1205       0.0029
      2.6250       0.1214       0.0029
      2.8750       0.1226       0.0028
      3.1250       0.1232       0.0030
      3.3750       0.1244       0.0029
      3.6250       0.1249       0.0030
      3.8750       0.1262       0.0029
      4.1250       0.1271       0.0030
      4.3750       0.1280       0.0029
      4.6250       0.1286       0.0029
      4.8750       0.1299       0.0030
      5.1250       0.1306       0.0029
      5.3750       0.1313       0.0029
      5.6250       0.1321       0.0030
      5.8750       0.1326       0.0029
      6.1250       0.1340       0.0030
      6.3750       0.1346       0.0030
      6.6250       0.1349       0.0030
      6.8750       0.1356       0.0030
      7.1250       0.1361       0.0031
      7.3750       0.1371       0.0030
      7.6250       0.1375       0.0030
      7.8750       0.1384       0.0031
      8.1250       0.1393       0.0031
      8.3750       0.1399       0.0031
      8.6250       0.1412       0.0031
      8.8750       0.1420       0.0032
      9.1250       0.1431       0.0032
      9.3750       0.1444       0.0033
      9.6250       0.1452       0.0033
      9.8750       0.1469       0.0034
     10.1250       0.1489       0.0034
     10.3750       0.1508       0.0035
     10.6250       0.1532       0.0035
     10.8750       0.1556       0.0036
     11.1250       0.1580       0.0037
     11.3750       0.1607       0.0037
     11.6250       0.1638       0.0038
     11.8750       0.1676       0.0040
     12.1250       0.1707       0.0039
     12.3750       0.1740       0.0039
     12.6250       0.1785       0.0040
     12.8750       0.1823       0.0041
     13.1250       0.1865       0.0041
     13.3750       0.1902       0.0042
     13.6250       0.1951       0.0043
     13.8750       0.1990       0.0043
     14.1250       0.2035       0.0044
     14.3750       0.2079       0.0045
     14.6250       0.2114       0.0045
     14.8750       0.2149       0.0047
     15.1250       0.2187       0.0047
     15.3750       0.2225       0.0048
     15.6250       0.2261       0.0049
     15.8750       0.2284       0.0049
     16.1250       0.2316       0.0050
     16.3750       0.2335       0.0051
     16.6250       0.2359       0.0052
     16.8750       0.2369       0.0054
     17.1250       0.2382       0.0052
     17.3750       0.2389       0.0053
     17.6250       0.2395       0.0054
     17.8750       0.2394       0.0055
     18.1250       0.2388       0.0055
     18.3750       0.2374       0.0055
     18.6250       0.2356       0.0056
     18.8750       0.2339       0.0055
     19.1250       0.2308       0.0057
     19.3750       0.2283       0.0056
     19.6250       0.2241       0.0056
     19.8750       0.2201       0.0056
     20.1250       0.2155       0.0054
     20.3750       0.2101       0.0054
     20.6250       0.2048       0.0054
     20.8750       0.1981       0.0052
     21.1250       0.1923       0.0051
     21.3750       0.1853       0.0050
     21.6250       0.1775       0.0048
     21.8750       0.1706       0.0048
     22.1250       0.1633       0.0047
     22.3750       0.1550       0.0045
     22.6250       0.1470       0.0044
     22.8750       0.1385       0.0043
     23.1250       0.1307       0.0041
     23.3750       0.1221       0.0040
     23.6250       0.1140       0.0040
     23.8750       0.1060       0.0039
     24.1250       0.0984       0.0039
     24.3750       0.0909       0.0037
     24.6250       0.0834       0.0037
     24.8750       0.0765       0.0037
     25.1250       0.0696       0.0036
     25.3750       0.0632       0.0035
     25.6250       0.0572       0.0034
     25.8750       0.0512       0.0033
     26.1250       0.0461       0.0032
     26.3750       0.0412       0.0031
     26.6250       0.0367       0.0029
     26.8750       0.0323       0.0028
     27.1250       0.0286       0.0026
     27.3750       0.0250       0.0025
     27.6250       0.0218       0.0024
     27.8750       0.0189       0.0022
     28.1250       0.0163       0.0020
     28.3750       0.0140       0.0019
     28.6250       0.0119       0.0017
     28.8750       0.0101       0.0016
     29.1250       0.0086       0.0014
     29.3750       0.0071       0.0013
     29.6250       0.0060       0.0012
     29.8750       0.0050       0.0011
     30.1250       0.0041       0.0010
     30.3750       0.0034       0.0009
     30.6250       0.0028       0.0008
     30.8750       0.0023       0.0007
     31.1250       0.0018       0.0006
     31.3750       0.0014       0.0005
     31.6250       0.0012       0.0005
     31.8750       0.0009       0.0004
     32.1250       0.0008       0.0004
     32.3750       0.0006       0.0003
     32.6250       0.0004       0.0003
     32.8750       0.0003       0.0002
     33.1250       0.0003       0.0002
     33.3750       0.0002       0.0002
     33.6250       0.0002       0.0001
     33.8750       0.0001       0.0001
     34.1250       0.0001       0.0001
     34.3750       0.0001       0.0001
     34.6250       0.0000       0.0001
     34.8750       0.0000       0.0001
     35.1250       0.0000       0.0001
     35.3750       0.0000       0.0000
     35.6250       0.0000       0.0000
     35.8750       0.0000       0.0000
     36.1250       0.0000       0.0000
     36.3750       0.0000       0.0000
     36.6250       0.0000       0.0000
     36.8750       0.0000       0.0000
     37.1250       0.0000       0.0000
     37.3750       0.0000       0.0000
     37.6250       0.0000       0.0000
     37.8750       0.0000       0.0000
     38.1250       0.0000       0.0000
     38.3750       0.0000       0.0000
     38.6250       0.0000       0.0000
     38.8750       0.0000       0.0000
     39.1250       0.0000       0.0000
