#Z                :PC|:OL  sd(:PC|:OL)
    -38.3750       0.0000       0.0000
    -38.1250       0.0000       0.0000
    -37.8750       0.0000       0.0000
    -37.6250       0.0000       0.0000
    -37.3750       0.0000       0.0000
    -37.1250       0.0000       0.0000
    -36.8750       0.0000       0.0000
    -36.6250       0.0000       0.0000
    -36.3750       0.0000       0.0000
    -36.1250       0.0000       0.0000
    -35.8750       0.0000       0.0000
    -35.6250       0.0000       0.0000
    -35.3750       0.0000       0.0000
    -35.1250       0.0000       0.0001
    -34.8750       0.0000       0.0001
    -34.6250       0.0001       0.0001
    -34.3750       0.0001       0.0001
    -34.1250       0.0001       0.0001
    -33.8750       0.0001       0.0002
    -33.6250       0.0002       0.0002
    -33.3750       0.0002       0.0002
    -33.1250       0.0003       0.0002
    -32.8750       0.0004       0.0003
    -32.6250       0.0005       0.0003
    -32.3750       0.0006       0.0004
    -32.1250       0.0008       0.0004
    -31.8750       0.0010       0.0005
    -31.6250       0.0012       0.0005
    -31.3750       0.0015       0.0006
    -31.1250       0.0019       0.0007
    -30.8750       0.0023       0.0008
    -30.6250       0.0028       0.0009
    -30.3750       0.0034       0.0010
    -30.1250       0.0040       0.0010
    -29.8750       0.0049       0.0012
    -29.6250       0.0057       0.0013
    -29.3750       0.0070       0.0014
    -29.1250       0.0082       0.0015
    -28.8750       0.0097       0.0017
    -28.6250       0.0112       0.0019
    -28.3750       0.0131       0.0020
    -28.1250       0.0153       0.0022
    -27.8750       0.0176       0.0023
    -27.6250       0.0203       0.0025
    -27.3750       0.0232       0.0027
    -27.1250       0.0267       0.0029
    -26.8750       0.0302       0.0031
    -26.6250       0.0342       0.0032
    -26.3750       0.0385       0.0034
    -26.1250       0.0433       0.0035
    -25.8750       0.0480       0.0037
    -25.6250       0.0537       0.0038
    -25.3750       0.0594       0.0040
    -25.1250       0.0652       0.0040
    -24.8750       0.0716       0.0041
    -24.6250       0.0784       0.0041
    -24.3750       0.0851       0.0042
    -24.1250       0.0924       0.0042
    -23.8750       0.0999       0.0043
    -23.6250       0.1075       0.0043
    -23.3750       0.1153       0.0043
    -23.1250       0.1236       0.0043
    -22.8750       0.1317       0.0043
    -22.6250       0.1393       0.0045
    -22.3750       0.1473       0.0044
    -22.1250       0.1559       0.0046
    -21.8750       0.1632       0.0046
    -21.6250       0.1710       0.0048
    -21.3750       0.1782       0.0049
    -21.1250       0.1852       0.0050
    -20.8750       0.1921       0.0050
    -20.6250       0.1987       0.0052
    -20.3750       0.2045       0.0053
    -20.1250       0.2099       0.0055
    -19.8750       0.2153       0.0056
    -19.6250       0.2204       0.0057
    -19.3750       0.2248       0.0059
    -19.1250       0.2285       0.0058
    -18.8750       0.2321       0.0060
    -18.6250       0.2350       0.0059
    -18.3750       0.2376       0.0060
    -18.1250       0.2390       0.0060
    -17.8750       0.2412       0.0060
    -17.6250       0.2413       0.0060
    -17.3750       0.2421       0.0060
    -17.1250       0.2420       0.0059
    -16.8750       0.2413       0.0059
    -16.6250       0.2409       0.0058
    -16.3750       0.2392       0.0058
    -16.1250       0.2377       0.0056
    -15.8750       0.2353       0.0055
    -15.6250       0.2332       0.0055
    -15.3750       0.2302       0.0052
    -15.1250       0.2274       0.0052
    -14.8750       0.2247       0.0051
    -14.6250       0.2206       0.0049
    -14.3750       0.2175       0.0048
    -14.1250       0.2141       0.0047
    -13.8750       0.2099       0.0047
    -13.6250       0.2067       0.0045
    -13.3750       0.2016       0.0044
    -13.1250       0.1976       0.0043
    -12.8750       0.1938       0.0043
    -12.6250       0.1901       0.0041
    -12.3750       0.1862       0.0041
    -12.1250       0.1827       0.0040
    -11.8750       0.1784       0.0040
    -11.6250       0.1752       0.0039
    -11.3750       0.1715       0.0038
    -11.1250       0.1681       0.0038
    -10.8750       0.1651       0.0038
    -10.6250       0.1627       0.0037
    -10.3750       0.1598       0.0037
    -10.1250       0.1573       0.0037
     -9.8750       0.1553       0.0036
     -9.6250       0.1535       0.0035
     -9.3750       0.1512       0.0034
     -9.1250       0.1497       0.0034
     -8.8750       0.1478       0.0034
     -8.6250       0.1465       0.0033
     -8.3750       0.1457       0.0032
     -8.1250       0.1442       0.0033
     -7.8750       0.1434       0.0032
     -7.6250       0.1421       0.0032
     -7.3750       0.1412       0.0031
     -7.1250       0.1404       0.0031
     -6.8750       0.1394       0.0031
     -6.6250       0.1383       0.0031
     -6.3750       0.1377       0.0030
     -6.1250       0.1370       0.0030
     -5.8750       0.1360       0.0030
     -5.6250       0.1355       0.0031
     -5.3750       0.1344       0.0030
     -5.1250       0.1340       0.0030
     -4.8750       0.1327       0.0030
     -4.6250       0.1318       0.0031
     -4.3750       0.1309       0.0030
     -4.1250       0.1304       0.0030
     -3.8750       0.1294       0.0030
     -3.6250       0.1282       0.0030
     -3.3750       0.1271       0.0029
     -3.1250       0.1262       0.0030
     -2.8750       0.1254       0.0029
     -2.6250       0.1244       0.0030
     -2.3750       0.1232       0.0030
     -2.1250       0.1224       0.0029
     -1.8750       0.1212       0.0029
     -1.6250       0.1209       0.0029
     -1.3750       0.1201       0.0030
     -1.1250       0.1195       0.0029
     -0.8750       0.1190       0.0029
     -0.6250       0.1183       0.0030
     -0.3750       0.1179       0.0030
     -0.1250       0.1177       0.0030
      0.1250       0.1173       0.0029
      0.3750       0.1175       0.0029
      0.6250       0.1177       0.0030
      0.8750       0.1178       0.0030
      1.1250       0.1180       0.0029
      1.3750       0.1186       0.0029
      1.6250       0.1187       0.0030
      1.8750       0.1193       0.0029
      2.1250       0.1202       0.0029
      2.3750       0.1211       0.0029
      2.6250       0.1217       0.0029
      2.8750       0.1227       0.0029
      3.1250       0.1238       0.0029
      3.3750       0.1244       0.0030
      3.6250       0.1252       0.0029
      3.8750       0.1263       0.0029
      4.1250       0.1271       0.0030
      4.3750       0.1282       0.0030
      4.6250       0.1292       0.0030
      4.8750       0.1297       0.0029
      5.1250       0.1306       0.0030
      5.3750       0.1314       0.0030
      5.6250       0.1324       0.0031
      5.8750       0.1331       0.0031
      6.1250       0.1338       0.0031
      6.3750       0.1346       0.0030
      6.6250       0.1356       0.0030
      6.8750       0.1368       0.0030
      7.1250       0.1376       0.0031
      7.3750       0.1377       0.0030
      7.6250       0.1384       0.0031
      7.8750       0.1396       0.0031
      8.1250       0.1400       0.0032
      8.3750       0.1411       0.0031
      8.6250       0.1421       0.0032
      8.8750       0.1429       0.0033
      9.1250       0.1445       0.0034
      9.3750       0.1453       0.0034
      9.6250       0.1472       0.0034
      9.8750       0.1486       0.0035
     10.1250       0.1503       0.0035
     10.3750       0.1521       0.0037
     10.6250       0.1541       0.0037
     10.8750       0.1573       0.0037
     11.1250       0.1597       0.0038
     11.3750       0.1620       0.0038
     11.6250       0.1649       0.0038
     11.8750       0.1681       0.0039
     12.1250       0.1716       0.0039
     12.3750       0.1751       0.0040
     12.6250       0.1788       0.0041
     12.8750       0.1819       0.0041
     13.1250       0.1861       0.0042
     13.3750       0.1894       0.0042
     13.6250       0.1934       0.0043
     13.8750       0.1974       0.0044
     14.1250       0.2016       0.0044
     14.3750       0.2045       0.0045
     14.6250       0.2082       0.0046
     14.8750       0.2118       0.0048
     15.1250       0.2148       0.0049
     15.3750       0.2179       0.0050
     15.6250       0.2211       0.0051
     15.8750       0.2230       0.0052
     16.1250       0.2257       0.0053
     16.3750       0.2276       0.0053
     16.6250       0.2293       0.0056
     16.8750       0.2306       0.0056
     17.1250       0.2319       0.0057
     17.3750       0.2332       0.0058
     17.6250       0.2329       0.0058
     17.8750       0.2330       0.0060
     18.1250       0.2324       0.0060
     18.3750       0.2309       0.0059
     18.6250       0.2293       0.0059
     18.8750       0.2281       0.0059
     19.1250       0.2247       0.0059
     19.3750       0.2223       0.0059
     19.6250       0.2184       0.0059
     19.8750       0.2148       0.0059
     20.1250       0.2101       0.0058
     20.3750       0.2058       0.0057
     20.6250       0.2001       0.0056
     20.8750       0.1945       0.0055
     21.1250       0.1885       0.0053
     21.3750       0.1823       0.0052
     21.6250       0.1758       0.0051
     21.8750       0.1689       0.0049
     22.1250       0.1617       0.0048
     22.3750       0.1543       0.0047
     22.6250       0.1469       0.0046
     22.8750       0.1391       0.0045
     23.1250       0.1318       0.0045
     23.3750       0.1239       0.0043
     23.6250       0.1163       0.0043
     23.8750       0.1087       0.0043
     24.1250       0.1018       0.0042
     24.3750       0.0944       0.0042
     24.6250       0.0878       0.0042
     24.8750       0.0805       0.0041
     25.1250       0.0741       0.0041
     25.3750       0.0682       0.0040
     25.6250       0.0626       0.0040
     25.8750       0.0567       0.0039
     26.1250       0.0514       0.0038
     26.3750       0.0464       0.0037
     26.6250       0.0420       0.0036
     26.8750       0.0377       0.0035
     27.1250       0.0333       0.0033
     27.3750       0.0294       0.0032
     27.6250       0.0260       0.0030
     27.8750       0.0228       0.0028
     28.1250       0.0201       0.0026
     28.3750       0.0175       0.0024
     28.6250       0.0151       0.0022
     28.8750       0.0130       0.0021
     29.1250       0.0112       0.0019
     29.3750       0.0096       0.0017
     29.6250       0.0081       0.0015
     29.8750       0.0069       0.0014
     30.1250       0.0059       0.0013
     30.3750       0.0049       0.0011
     30.6250       0.0041       0.0010
     30.8750       0.0034       0.0009
     31.1250       0.0028       0.0008
     31.3750       0.0023       0.0007
     31.6250       0.0019       0.0006
     31.8750       0.0015       0.0005
     32.1250       0.0012       0.0005
     32.3750       0.0010       0.0004
     32.6250       0.0008       0.0004
     32.8750       0.0006       0.0003
     33.1250       0.0005       0.0003
     33.3750       0.0004       0.0002
     33.6250       0.0003       0.0002
     33.8750       0.0002       0.0002
     34.1250       0.0002       0.0001
     34.3750       0.0001       0.0001
     34.6250       0.0001       0.0001
     34.8750       0.0001       0.0001
     35.1250       0.0000       0.0001
     35.3750       0.0000       0.0001
     35.6250       0.0000       0.0001
     35.8750       0.0000       0.0000
     36.1250       0.0000       0.0000
     36.3750       0.0000       0.0000
     36.6250       0.0000       0.0000
     36.8750       0.0000       0.0000
     37.1250       0.0000       0.0000
     37.3750       0.0000       0.0000
     37.6250       0.0000       0.0000
     37.8750       0.0000       0.0000
     38.1250       0.0000       0.0000
     38.3750       0.0000       0.0000
     38.6250       0.0000       0.0000
     38.8750       0.0000       0.0000
     39.1250       0.0000       0.0000
     39.3750       0.0000       0.0000
