#Z                :PC|:OL  sd(:PC|:OL)
    -39.8750       0.0000       0.0000
    -39.6250       0.0000       0.0000
    -39.3750       0.0000       0.0000
    -39.1250       0.0000       0.0000
    -38.8750       0.0000       0.0000
    -38.6250       0.0000       0.0000
    -38.3750       0.0000       0.0000
    -38.1250       0.0000       0.0000
    -37.8750       0.0000       0.0000
    -37.6250       0.0000       0.0000
    -37.3750       0.0000       0.0000
    -37.1250       0.0000       0.0000
    -36.8750       0.0000       0.0000
    -36.6250       0.0000       0.0000
    -36.3750       0.0000       0.0000
    -36.1250       0.0000       0.0000
    -35.8750       0.0000       0.0000
    -35.6250       0.0000       0.0000
    -35.3750       0.0000       0.0000
    -35.1250       0.0000       0.0000
    -34.8750       0.0000       0.0000
    -34.6250       0.0000       0.0001
    -34.3750       0.0000       0.0001
    -34.1250       0.0001       0.0001
    -33.8750       0.0001       0.0001
    -33.6250       0.0001       0.0001
    -33.3750       0.0001       0.0001
    -33.1250       0.0002       0.0001
    -32.8750       0.0002       0.0002
    -32.6250       0.0003       0.0002
    -32.3750       0.0004       0.0002
    -32.1250       0.0005       0.0003
    -31.8750       0.0006       0.0003
    -31.6250       0.0008       0.0004
    -31.3750       0.0010       0.0004
    -31.1250       0.0013       0.0005
    -30.8750       0.0016       0.0006
    -30.6250       0.0020       0.0006
    -30.3750       0.0025       0.0007
    -30.1250       0.0030       0.0008
    -29.8750       0.0037       0.0009
    -29.6250       0.0045       0.0011
    -29.3750       0.0056       0.0012
    -29.1250       0.0066       0.0013
    -28.8750       0.0079       0.0015
    -28.6250       0.0093       0.0016
    -28.3750       0.0110       0.0018
    -28.1250       0.0131       0.0019
    -27.8750       0.0153       0.0022
    -27.6250       0.0177       0.0023
    -27.3750       0.0206       0.0025
    -27.1250       0.0238       0.0027
    -26.8750       0.0272       0.0028
    -26.6250       0.0311       0.0030
    -26.3750       0.0354       0.0032
    -26.1250       0.0402       0.0033
    -25.8750       0.0450       0.0035
    -25.6250       0.0509       0.0036
    -25.3750       0.0566       0.0037
    -25.1250       0.0628       0.0038
    -24.8750       0.0693       0.0040
    -24.6250       0.0763       0.0040
    -24.3750       0.0835       0.0041
    -24.1250       0.0912       0.0042
    -23.8750       0.0996       0.0042
    -23.6250       0.1074       0.0042
    -23.3750       0.1160       0.0043
    -23.1250       0.1237       0.0044
    -22.8750       0.1322       0.0044
    -22.6250       0.1410       0.0045
    -22.3750       0.1491       0.0044
    -22.1250       0.1570       0.0045
    -21.8750       0.1654       0.0046
    -21.6250       0.1727       0.0048
    -21.3750       0.1802       0.0048
    -21.1250       0.1874       0.0049
    -20.8750       0.1945       0.0051
    -20.6250       0.2004       0.0052
    -20.3750       0.2066       0.0053
    -20.1250       0.2127       0.0054
    -19.8750       0.2186       0.0056
    -19.6250       0.2239       0.0056
    -19.3750       0.2273       0.0058
    -19.1250       0.2316       0.0058
    -18.8750       0.2350       0.0060
    -18.6250       0.2385       0.0059
    -18.3750       0.2406       0.0060
    -18.1250       0.2423       0.0059
    -17.8750       0.2440       0.0060
    -17.6250       0.2448       0.0058
    -17.3750       0.2453       0.0059
    -17.1250       0.2456       0.0058
    -16.8750       0.2447       0.0057
    -16.6250       0.2436       0.0056
    -16.3750       0.2426       0.0055
    -16.1250       0.2403       0.0055
    -15.8750       0.2378       0.0055
    -15.6250       0.2354       0.0052
    -15.3750       0.2325       0.0051
    -15.1250       0.2294       0.0052
    -14.8750       0.2258       0.0050
    -14.6250       0.2223       0.0048
    -14.3750       0.2186       0.0048
    -14.1250       0.2150       0.0048
    -13.8750       0.2109       0.0045
    -13.6250       0.2068       0.0045
    -13.3750       0.2026       0.0043
    -13.1250       0.1985       0.0043
    -12.8750       0.1942       0.0042
    -12.6250       0.1904       0.0041
    -12.3750       0.1861       0.0041
    -12.1250       0.1822       0.0040
    -11.8750       0.1788       0.0040
    -11.6250       0.1751       0.0039
    -11.3750       0.1717       0.0038
    -11.1250       0.1684       0.0038
    -10.8750       0.1657       0.0037
    -10.6250       0.1628       0.0037
    -10.3750       0.1598       0.0036
    -10.1250       0.1580       0.0037
     -9.8750       0.1556       0.0036
     -9.6250       0.1537       0.0035
     -9.3750       0.1517       0.0035
     -9.1250       0.1503       0.0034
     -8.8750       0.1486       0.0034
     -8.6250       0.1471       0.0033
     -8.3750       0.1457       0.0032
     -8.1250       0.1447       0.0032
     -7.8750       0.1437       0.0033
     -7.6250       0.1426       0.0032
     -7.3750       0.1414       0.0031
     -7.1250       0.1404       0.0031
     -6.8750       0.1396       0.0031
     -6.6250       0.1388       0.0031
     -6.3750       0.1378       0.0031
     -6.1250       0.1369       0.0030
     -5.8750       0.1359       0.0030
     -5.6250       0.1351       0.0031
     -5.3750       0.1346       0.0030
     -5.1250       0.1332       0.0030
     -4.8750       0.1326       0.0030
     -4.6250       0.1313       0.0030
     -4.3750       0.1304       0.0030
     -4.1250       0.1293       0.0029
     -3.8750       0.1285       0.0030
     -3.6250       0.1273       0.0030
     -3.3750       0.1264       0.0029
     -3.1250       0.1252       0.0030
     -2.8750       0.1242       0.0029
     -2.6250       0.1230       0.0029
     -2.3750       0.1222       0.0029
     -2.1250       0.1212       0.0029
     -1.8750       0.1202       0.0028
     -1.6250       0.1192       0.0029
     -1.3750       0.1184       0.0028
     -1.1250       0.1178       0.0029
     -0.8750       0.1172       0.0029
     -0.6250       0.1165       0.0029
     -0.3750       0.1160       0.0029
     -0.1250       0.1158       0.0029
      0.1250       0.1159       0.0029
      0.3750       0.1160       0.0029
      0.6250       0.1159       0.0029
      0.8750       0.1164       0.0029
      1.1250       0.1169       0.0029
      1.3750       0.1176       0.0029
      1.6250       0.1181       0.0029
      1.8750       0.1187       0.0029
      2.1250       0.1196       0.0029
      2.3750       0.1206       0.0029
      2.6250       0.1212       0.0029
      2.8750       0.1221       0.0029
      3.1250       0.1231       0.0029
      3.3750       0.1243       0.0029
      3.6250       0.1253       0.0030
      3.8750       0.1258       0.0029
      4.1250       0.1269       0.0030
      4.3750       0.1275       0.0030
      4.6250       0.1288       0.0030
      4.8750       0.1297       0.0030
      5.1250       0.1305       0.0030
      5.3750       0.1314       0.0030
      5.6250       0.1320       0.0030
      5.8750       0.1330       0.0031
      6.1250       0.1336       0.0030
      6.3750       0.1341       0.0030
      6.6250       0.1346       0.0030
      6.8750       0.1358       0.0031
      7.1250       0.1360       0.0031
      7.3750       0.1369       0.0031
      7.6250       0.1374       0.0031
      7.8750       0.1379       0.0031
      8.1250       0.1387       0.0031
      8.3750       0.1397       0.0032
      8.6250       0.1407       0.0031
      8.8750       0.1416       0.0032
      9.1250       0.1429       0.0032
      9.3750       0.1439       0.0033
      9.6250       0.1452       0.0033
      9.8750       0.1467       0.0034
     10.1250       0.1486       0.0034
     10.3750       0.1504       0.0035
     10.6250       0.1527       0.0036
     10.8750       0.1550       0.0036
     11.1250       0.1578       0.0037
     11.3750       0.1607       0.0038
     11.6250       0.1637       0.0038
     11.8750       0.1673       0.0039
     12.1250       0.1707       0.0039
     12.3750       0.1749       0.0039
     12.6250       0.1783       0.0040
     12.8750       0.1824       0.0041
     13.1250       0.1866       0.0041
     13.3750       0.1907       0.0041
     13.6250       0.1952       0.0042
     13.8750       0.1991       0.0042
     14.1250       0.2033       0.0044
     14.3750       0.2076       0.0044
     14.6250       0.2111       0.0045
     14.8750       0.2146       0.0046
     15.1250       0.2183       0.0048
     15.3750       0.2213       0.0048
     15.6250       0.2246       0.0050
     15.8750       0.2274       0.0051
     16.1250       0.2301       0.0052
     16.3750       0.2321       0.0053
     16.6250       0.2341       0.0053
     16.8750       0.2357       0.0054
     17.1250       0.2371       0.0055
     17.3750       0.2376       0.0056
     17.6250       0.2383       0.0057
     17.8750       0.2382       0.0058
     18.1250       0.2373       0.0057
     18.3750       0.2368       0.0058
     18.6250       0.2354       0.0059
     18.8750       0.2332       0.0058
     19.1250       0.2309       0.0060
     19.3750       0.2275       0.0059
     19.6250       0.2237       0.0058
     19.8750       0.2195       0.0059
     20.1250       0.2147       0.0058
     20.3750       0.2098       0.0057
     20.6250       0.2043       0.0056
     20.8750       0.1976       0.0054
     21.1250       0.1910       0.0052
     21.3750       0.1841       0.0052
     21.6250       0.1768       0.0049
     21.8750       0.1696       0.0048
     22.1250       0.1613       0.0046
     22.3750       0.1539       0.0045
     22.6250       0.1455       0.0044
     22.8750       0.1380       0.0042
     23.1250       0.1296       0.0042
     23.3750       0.1214       0.0041
     23.6250       0.1139       0.0039
     23.8750       0.1060       0.0039
     24.1250       0.0984       0.0039
     24.3750       0.0911       0.0039
     24.6250       0.0840       0.0039
     24.8750       0.0771       0.0038
     25.1250       0.0707       0.0038
     25.3750       0.0648       0.0038
     25.6250       0.0587       0.0037
     25.8750       0.0531       0.0036
     26.1250       0.0478       0.0036
     26.3750       0.0430       0.0035
     26.6250       0.0385       0.0033
     26.8750       0.0341       0.0032
     27.1250       0.0304       0.0031
     27.3750       0.0269       0.0030
     27.6250       0.0237       0.0028
     27.8750       0.0206       0.0026
     28.1250       0.0179       0.0024
     28.3750       0.0156       0.0023
     28.6250       0.0137       0.0022
     28.8750       0.0118       0.0020
     29.1250       0.0100       0.0019
     29.3750       0.0086       0.0017
     29.6250       0.0073       0.0015
     29.8750       0.0062       0.0014
     30.1250       0.0052       0.0013
     30.3750       0.0044       0.0012
     30.6250       0.0037       0.0011
     30.8750       0.0031       0.0010
     31.1250       0.0026       0.0009
     31.3750       0.0021       0.0008
     31.6250       0.0018       0.0007
     31.8750       0.0014       0.0006
     32.1250       0.0012       0.0006
     32.3750       0.0009       0.0005
     32.6250       0.0008       0.0004
     32.8750       0.0006       0.0004
     33.1250       0.0005       0.0003
     33.3750       0.0004       0.0003
     33.6250       0.0003       0.0003
     33.8750       0.0002       0.0002
     34.1250       0.0002       0.0002
     34.3750       0.0001       0.0002
     34.6250       0.0001       0.0001
     34.8750       0.0001       0.0001
     35.1250       0.0001       0.0001
     35.3750       0.0001       0.0001
     35.6250       0.0000       0.0001
     35.8750       0.0000       0.0001
     36.1250       0.0000       0.0001
     36.3750       0.0000       0.0000
     36.6250       0.0000       0.0000
     36.8750       0.0000       0.0000
     37.1250       0.0000       0.0000
     37.3750       0.0000       0.0000
     37.6250       0.0000       0.0000
     37.8750       0.0000       0.0000
     38.1250       0.0000       0.0000
     38.3750       0.0000       0.0000
     38.6250       0.0000       0.0000
     38.8750       0.0000       0.0000
     39.1250       0.0000       0.0000
     39.3750       0.0000       0.0000
     39.6250       0.0000       0.0000
     39.8750       0.0000       0.0000
     40.1250       0.0000       0.0000
