#Z                :PC|:OL  sd(:PC|:OL)
    -39.6250       0.0000       0.0000
    -39.3750       0.0000       0.0000
    -39.1250       0.0000       0.0000
    -38.8750       0.0000       0.0000
    -38.6250       0.0000       0.0000
    -38.3750       0.0000       0.0000
    -38.1250       0.0000       0.0000
    -37.8750       0.0000       0.0000
    -37.6250       0.0000       0.0000
    -37.3750       0.0000       0.0000
    -37.1250       0.0000       0.0000
    -36.8750       0.0000       0.0000
    -36.6250       0.0000       0.0000
    -36.3750       0.0000       0.0000
    -36.1250       0.0000       0.0000
    -35.8750       0.0000       0.0000
    -35.6250       0.0000       0.0000
    -35.3750       0.0000       0.0000
    -35.1250       0.0000       0.0001
    -34.8750       0.0000       0.0001
    -34.6250       0.0000       0.0001
    -34.3750       0.0001       0.0001
    -34.1250       0.0001       0.0001
    -33.8750       0.0001       0.0001
    -33.6250       0.0001       0.0001
    -33.3750       0.0002       0.0002
    -33.1250       0.0002       0.0002
    -32.8750       0.0003       0.0002
    -32.6250       0.0004       0.0002
    -32.3750       0.0005       0.0003
    -32.1250       0.0006       0.0003
    -31.8750       0.0008       0.0004
    -31.6250       0.0009       0.0004
    -31.3750       0.0012       0.0005
    -31.1250       0.0015       0.0006
    -30.8750       0.0018       0.0006
    -30.6250       0.0022       0.0007
    -30.3750       0.0028       0.0008
    -30.1250       0.0034       0.0009
    -29.8750       0.0040       0.0010
    -29.6250       0.0049       0.0011
    -29.3750       0.0059       0.0012
    -29.1250       0.0070       0.0013
    -28.8750       0.0083       0.0014
    -28.6250       0.0098       0.0016
    -28.3750       0.0116       0.0017
    -28.1250       0.0136       0.0019
    -27.8750       0.0157       0.0020
    -27.6250       0.0181       0.0021
    -27.3750       0.0210       0.0023
    -27.1250       0.0241       0.0025
    -26.8750       0.0275       0.0026
    -26.6250       0.0313       0.0028
    -26.3750       0.0354       0.0029
    -26.1250       0.0400       0.0031
    -25.8750       0.0450       0.0032
    -25.6250       0.0500       0.0033
    -25.3750       0.0559       0.0034
    -25.1250       0.0618       0.0036
    -24.8750       0.0683       0.0037
    -24.6250       0.0751       0.0037
    -24.3750       0.0822       0.0038
    -24.1250       0.0898       0.0038
    -23.8750       0.0978       0.0039
    -23.6250       0.1057       0.0041
    -23.3750       0.1138       0.0041
    -23.1250       0.1217       0.0041
    -22.8750       0.1310       0.0043
    -22.6250       0.1391       0.0043
    -22.3750       0.1471       0.0043
    -22.1250       0.1559       0.0045
    -21.8750       0.1636       0.0047
    -21.6250       0.1716       0.0047
    -21.3750       0.1791       0.0049
    -21.1250       0.1867       0.0051
    -20.8750       0.1937       0.0052
    -20.6250       0.2003       0.0053
    -20.3750       0.2067       0.0055
    -20.1250       0.2125       0.0055
    -19.8750       0.2172       0.0056
    -19.6250       0.2223       0.0057
    -19.3750       0.2270       0.0058
    -19.1250       0.2300       0.0059
    -18.8750       0.2341       0.0059
    -18.6250       0.2369       0.0060
    -18.3750       0.2393       0.0059
    -18.1250       0.2413       0.0060
    -17.8750       0.2428       0.0058
    -17.6250       0.2438       0.0058
    -17.3750       0.2444       0.0057
    -17.1250       0.2438       0.0055
    -16.8750       0.2436       0.0055
    -16.6250       0.2423       0.0054
    -16.3750       0.2421       0.0054
    -16.1250       0.2408       0.0052
    -15.8750       0.2381       0.0052
    -15.6250       0.2361       0.0051
    -15.3750       0.2332       0.0050
    -15.1250       0.2303       0.0051
    -14.8750       0.2272       0.0050
    -14.6250       0.2238       0.0048
    -14.3750       0.2200       0.0048
    -14.1250       0.2157       0.0047
    -13.8750       0.2119       0.0046
    -13.6250       0.2081       0.0044
    -13.3750       0.2036       0.0044
    -13.1250       0.1990       0.0043
    -12.8750       0.1944       0.0042
    -12.6250       0.1906       0.0042
    -12.3750       0.1868       0.0041
    -12.1250       0.1829       0.0041
    -11.8750       0.1790       0.0040
    -11.6250       0.1754       0.0040
    -11.3750       0.1720       0.0039
    -11.1250       0.1690       0.0038
    -10.8750       0.1662       0.0038
    -10.6250       0.1627       0.0038
    -10.3750       0.1606       0.0037
    -10.1250       0.1584       0.0036
     -9.8750       0.1562       0.0036
     -9.6250       0.1540       0.0036
     -9.3750       0.1524       0.0035
     -9.1250       0.1505       0.0034
     -8.8750       0.1490       0.0034
     -8.6250       0.1478       0.0033
     -8.3750       0.1462       0.0033
     -8.1250       0.1450       0.0032
     -7.8750       0.1441       0.0032
     -7.6250       0.1431       0.0032
     -7.3750       0.1416       0.0031
     -7.1250       0.1411       0.0031
     -6.8750       0.1399       0.0031
     -6.6250       0.1395       0.0031
     -6.3750       0.1382       0.0031
     -6.1250       0.1376       0.0031
     -5.8750       0.1365       0.0030
     -5.6250       0.1355       0.0031
     -5.3750       0.1347       0.0030
     -5.1250       0.1336       0.0030
     -4.8750       0.1327       0.0030
     -4.6250       0.1322       0.0030
     -4.3750       0.1308       0.0030
     -4.1250       0.1297       0.0030
     -3.8750       0.1291       0.0029
     -3.6250       0.1279       0.0029
     -3.3750       0.1266       0.0029
     -3.1250       0.1257       0.0030
     -2.8750       0.1249       0.0029
     -2.6250       0.1236       0.0029
     -2.3750       0.1229       0.0030
     -2.1250       0.1220       0.0030
     -1.8750       0.1209       0.0029
     -1.6250       0.1203       0.0029
     -1.3750       0.1195       0.0029
     -1.1250       0.1188       0.0029
     -0.8750       0.1184       0.0029
     -0.6250       0.1180       0.0029
     -0.3750       0.1177       0.0029
     -0.1250       0.1175       0.0029
      0.1250       0.1173       0.0029
      0.3750       0.1173       0.0029
      0.6250       0.1176       0.0030
      0.8750       0.1179       0.0029
      1.1250       0.1179       0.0029
      1.3750       0.1186       0.0029
      1.6250       0.1192       0.0029
      1.8750       0.1199       0.0030
      2.1250       0.1202       0.0030
      2.3750       0.1215       0.0029
      2.6250       0.1221       0.0030
      2.8750       0.1231       0.0029
      3.1250       0.1242       0.0029
      3.3750       0.1250       0.0030
      3.6250       0.1258       0.0029
      3.8750       0.1267       0.0029
      4.1250       0.1276       0.0030
      4.3750       0.1286       0.0029
      4.6250       0.1298       0.0030
      4.8750       0.1299       0.0030
      5.1250       0.1311       0.0030
      5.3750       0.1318       0.0030
      5.6250       0.1323       0.0030
      5.8750       0.1335       0.0030
      6.1250       0.1336       0.0030
      6.3750       0.1347       0.0031
      6.6250       0.1353       0.0030
      6.8750       0.1355       0.0031
      7.1250       0.1365       0.0031
      7.3750       0.1370       0.0030
      7.6250       0.1376       0.0031
      7.8750       0.1382       0.0031
      8.1250       0.1388       0.0031
      8.3750       0.1398       0.0032
      8.6250       0.1404       0.0032
      8.8750       0.1414       0.0032
      9.1250       0.1424       0.0032
      9.3750       0.1438       0.0032
      9.6250       0.1455       0.0034
      9.8750       0.1470       0.0034
     10.1250       0.1490       0.0035
     10.3750       0.1505       0.0036
     10.6250       0.1529       0.0036
     10.8750       0.1554       0.0036
     11.1250       0.1582       0.0037
     11.3750       0.1612       0.0038
     11.6250       0.1639       0.0039
     11.8750       0.1678       0.0039
     12.1250       0.1716       0.0040
     12.3750       0.1749       0.0040
     12.6250       0.1787       0.0041
     12.8750       0.1830       0.0041
     13.1250       0.1871       0.0042
     13.3750       0.1908       0.0042
     13.6250       0.1951       0.0042
     13.8750       0.1994       0.0043
     14.1250       0.2037       0.0043
     14.3750       0.2070       0.0045
     14.6250       0.2109       0.0045
     14.8750       0.2145       0.0046
     15.1250       0.2180       0.0047
     15.3750       0.2210       0.0047
     15.6250       0.2241       0.0048
     15.8750       0.2268       0.0049
     16.1250       0.2289       0.0050
     16.3750       0.2312       0.0051
     16.6250       0.2330       0.0051
     16.8750       0.2344       0.0053
     17.1250       0.2361       0.0052
     17.3750       0.2364       0.0053
     17.6250       0.2365       0.0054
     17.8750       0.2368       0.0055
     18.1250       0.2361       0.0056
     18.3750       0.2349       0.0057
     18.6250       0.2340       0.0058
     18.8750       0.2320       0.0057
     19.1250       0.2297       0.0058
     19.3750       0.2267       0.0057
     19.6250       0.2228       0.0059
     19.8750       0.2184       0.0058
     20.1250       0.2141       0.0057
     20.3750       0.2090       0.0056
     20.6250       0.2033       0.0056
     20.8750       0.1977       0.0055
     21.1250       0.1903       0.0053
     21.3750       0.1837       0.0051
     21.6250       0.1769       0.0050
     21.8750       0.1694       0.0048
     22.1250       0.1612       0.0047
     22.3750       0.1535       0.0045
     22.6250       0.1456       0.0044
     22.8750       0.1372       0.0043
     23.1250       0.1300       0.0042
     23.3750       0.1213       0.0040
     23.6250       0.1135       0.0040
     23.8750       0.1058       0.0039
     24.1250       0.0982       0.0038
     24.3750       0.0911       0.0038
     24.6250       0.0839       0.0037
     24.8750       0.0773       0.0037
     25.1250       0.0707       0.0036
     25.3750       0.0644       0.0035
     25.6250       0.0586       0.0034
     25.8750       0.0531       0.0034
     26.1250       0.0478       0.0032
     26.3750       0.0430       0.0031
     26.6250       0.0384       0.0030
     26.8750       0.0342       0.0029
     27.1250       0.0305       0.0028
     27.3750       0.0267       0.0026
     27.6250       0.0237       0.0025
     27.8750       0.0208       0.0024
     28.1250       0.0181       0.0022
     28.3750       0.0157       0.0021
     28.6250       0.0137       0.0020
     28.8750       0.0118       0.0018
     29.1250       0.0102       0.0017
     29.3750       0.0087       0.0015
     29.6250       0.0073       0.0014
     29.8750       0.0062       0.0012
     30.1250       0.0053       0.0011
     30.3750       0.0044       0.0010
     30.6250       0.0037       0.0010
     30.8750       0.0031       0.0008
     31.1250       0.0025       0.0008
     31.3750       0.0021       0.0007
     31.6250       0.0017       0.0006
     31.8750       0.0013       0.0005
     32.1250       0.0011       0.0005
     32.3750       0.0009       0.0004
     32.6250       0.0007       0.0004
     32.8750       0.0006       0.0003
     33.1250       0.0004       0.0003
     33.3750       0.0004       0.0002
     33.6250       0.0003       0.0002
     33.8750       0.0002       0.0002
     34.1250       0.0002       0.0001
     34.3750       0.0001       0.0001
     34.6250       0.0001       0.0001
     34.8750       0.0001       0.0001
     35.1250       0.0000       0.0001
     35.3750       0.0000       0.0001
     35.6250       0.0000       0.0001
     35.8750       0.0000       0.0000
     36.1250       0.0000       0.0000
     36.3750       0.0000       0.0000
     36.6250       0.0000       0.0000
     36.8750       0.0000       0.0000
     37.1250       0.0000       0.0000
     37.3750       0.0000       0.0000
     37.6250       0.0000       0.0000
     37.8750       0.0000       0.0000
     38.1250       0.0000       0.0000
     38.3750       0.0000       0.0000
     38.6250       0.0000       0.0000
     38.8750       0.0000       0.0000
     39.1250       0.0000       0.0000
     39.3750       0.0000       0.0000
     39.6250       0.0000       0.0000
     39.8750       0.0000       0.0000
     40.1250       0.0000       0.0000
     40.3750       0.0000       0.0000
     40.6250       0.0000       0.0000
