#Z                :PC|:OL  sd(:PC|:OL)
    -37.8750       0.0000       0.0000
    -37.6250       0.0000       0.0000
    -37.3750       0.0000       0.0000
    -37.1250       0.0000       0.0000
    -36.8750       0.0000       0.0000
    -36.6250       0.0000       0.0000
    -36.3750       0.0000       0.0000
    -36.1250       0.0000       0.0000
    -35.8750       0.0000       0.0000
    -35.6250       0.0000       0.0000
    -35.3750       0.0000       0.0000
    -35.1250       0.0000       0.0000
    -34.8750       0.0000       0.0000
    -34.6250       0.0000       0.0000
    -34.3750       0.0000       0.0000
    -34.1250       0.0000       0.0001
    -33.8750       0.0001       0.0001
    -33.6250       0.0001       0.0001
    -33.3750       0.0001       0.0001
    -33.1250       0.0001       0.0001
    -32.8750       0.0002       0.0001
    -32.6250       0.0002       0.0002
    -32.3750       0.0003       0.0002
    -32.1250       0.0004       0.0002
    -31.8750       0.0005       0.0003
    -31.6250       0.0007       0.0003
    -31.3750       0.0009       0.0003
    -31.1250       0.0011       0.0004
    -30.8750       0.0014       0.0005
    -30.6250       0.0018       0.0005
    -30.3750       0.0022       0.0006
    -30.1250       0.0027       0.0007
    -29.8750       0.0033       0.0008
    -29.6250       0.0041       0.0009
    -29.3750       0.0050       0.0010
    -29.1250       0.0059       0.0011
    -28.8750       0.0071       0.0013
    -28.6250       0.0085       0.0014
    -28.3750       0.0101       0.0015
    -28.1250       0.0119       0.0017
    -27.8750       0.0140       0.0019
    -27.6250       0.0162       0.0020
    -27.3750       0.0189       0.0022
    -27.1250       0.0219       0.0023
    -26.8750       0.0252       0.0025
    -26.6250       0.0288       0.0027
    -26.3750       0.0328       0.0028
    -26.1250       0.0373       0.0030
    -25.8750       0.0423       0.0031
    -25.6250       0.0474       0.0032
    -25.3750       0.0529       0.0034
    -25.1250       0.0591       0.0035
    -24.8750       0.0656       0.0036
    -24.6250       0.0725       0.0037
    -24.3750       0.0798       0.0038
    -24.1250       0.0875       0.0038
    -23.8750       0.0952       0.0038
    -23.6250       0.1035       0.0040
    -23.3750       0.1122       0.0040
    -23.1250       0.1204       0.0041
    -22.8750       0.1293       0.0041
    -22.6250       0.1386       0.0042
    -22.3750       0.1474       0.0043
    -22.1250       0.1559       0.0044
    -21.8750       0.1644       0.0046
    -21.6250       0.1733       0.0047
    -21.3750       0.1811       0.0048
    -21.1250       0.1891       0.0049
    -20.8750       0.1964       0.0051
    -20.6250       0.2039       0.0052
    -20.3750       0.2103       0.0053
    -20.1250       0.2167       0.0055
    -19.8750       0.2220       0.0055
    -19.6250       0.2272       0.0057
    -19.3750       0.2314       0.0057
    -19.1250       0.2353       0.0057
    -18.8750       0.2388       0.0057
    -18.6250       0.2420       0.0057
    -18.3750       0.2441       0.0057
    -18.1250       0.2460       0.0055
    -17.8750       0.2473       0.0056
    -17.6250       0.2483       0.0055
    -17.3750       0.2487       0.0056
    -17.1250       0.2486       0.0053
    -16.8750       0.2474       0.0054
    -16.6250       0.2471       0.0053
    -16.3750       0.2453       0.0053
    -16.1250       0.2437       0.0052
    -15.8750       0.2413       0.0052
    -15.6250       0.2386       0.0051
    -15.3750       0.2354       0.0050
    -15.1250       0.2326       0.0050
    -14.8750       0.2288       0.0048
    -14.6250       0.2249       0.0048
    -14.3750       0.2207       0.0047
    -14.1250       0.2166       0.0047
    -13.8750       0.2122       0.0045
    -13.6250       0.2079       0.0044
    -13.3750       0.2032       0.0043
    -13.1250       0.1990       0.0043
    -12.8750       0.1947       0.0041
    -12.6250       0.1900       0.0041
    -12.3750       0.1856       0.0040
    -12.1250       0.1818       0.0039
    -11.8750       0.1783       0.0039
    -11.6250       0.1740       0.0038
    -11.3750       0.1707       0.0038
    -11.1250       0.1671       0.0038
    -10.8750       0.1642       0.0037
    -10.6250       0.1612       0.0036
    -10.3750       0.1587       0.0036
    -10.1250       0.1562       0.0036
     -9.8750       0.1544       0.0035
     -9.6250       0.1522       0.0034
     -9.3750       0.1506       0.0034
     -9.1250       0.1489       0.0033
     -8.8750       0.1475       0.0033
     -8.6250       0.1465       0.0032
     -8.3750       0.1454       0.0032
     -8.1250       0.1450       0.0032
     -7.8750       0.1439       0.0031
     -7.6250       0.1429       0.0031
     -7.3750       0.1421       0.0031
     -7.1250       0.1418       0.0031
     -6.8750       0.1409       0.0031
     -6.6250       0.1405       0.0031
     -6.3750       0.1397       0.0031
     -6.1250       0.1387       0.0031
     -5.8750       0.1381       0.0030
     -5.6250       0.1370       0.0031
     -5.3750       0.1364       0.0030
     -5.1250       0.1352       0.0030
     -4.8750       0.1347       0.0030
     -4.6250       0.1334       0.0030
     -4.3750       0.1322       0.0030
     -4.1250       0.1311       0.0030
     -3.8750       0.1300       0.0029
     -3.6250       0.1293       0.0030
     -3.3750       0.1279       0.0030
     -3.1250       0.1266       0.0029
     -2.8750       0.1258       0.0029
     -2.6250       0.1241       0.0029
     -2.3750       0.1235       0.0029
     -2.1250       0.1222       0.0029
     -1.8750       0.1212       0.0029
     -1.6250       0.1200       0.0029
     -1.3750       0.1195       0.0029
     -1.1250       0.1185       0.0029
     -0.8750       0.1179       0.0029
     -0.6250       0.1174       0.0029
     -0.3750       0.1167       0.0028
     -0.1250       0.1165       0.0029
      0.1250       0.1166       0.0029
      0.3750       0.1165       0.0029
      0.6250       0.1166       0.0029
      0.8750       0.1167       0.0029
      1.1250       0.1170       0.0029
      1.3750       0.1177       0.0028
      1.6250       0.1183       0.0029
      1.8750       0.1189       0.0029
      2.1250       0.1195       0.0029
      2.3750       0.1204       0.0029
      2.6250       0.1214       0.0029
      2.8750       0.1221       0.0029
      3.1250       0.1233       0.0029
      3.3750       0.1243       0.0029
      3.6250       0.1253       0.0029
      3.8750       0.1264       0.0029
      4.1250       0.1274       0.0030
      4.3750       0.1283       0.0029
      4.6250       0.1290       0.0030
      4.8750       0.1300       0.0030
      5.1250       0.1309       0.0030
      5.3750       0.1315       0.0030
      5.6250       0.1326       0.0030
      5.8750       0.1329       0.0030
      6.1250       0.1339       0.0030
      6.3750       0.1349       0.0030
      6.6250       0.1349       0.0030
      6.8750       0.1359       0.0030
      7.1250       0.1366       0.0030
      7.3750       0.1366       0.0030
      7.6250       0.1371       0.0031
      7.8750       0.1380       0.0031
      8.1250       0.1388       0.0031
      8.3750       0.1391       0.0031
      8.6250       0.1401       0.0031
      8.8750       0.1412       0.0032
      9.1250       0.1418       0.0032
      9.3750       0.1430       0.0033
      9.6250       0.1443       0.0032
      9.8750       0.1452       0.0033
     10.1250       0.1474       0.0033
     10.3750       0.1488       0.0035
     10.6250       0.1508       0.0034
     10.8750       0.1533       0.0036
     11.1250       0.1554       0.0036
     11.3750       0.1581       0.0037
     11.6250       0.1611       0.0038
     11.8750       0.1645       0.0039
     12.1250       0.1679       0.0038
     12.3750       0.1711       0.0039
     12.6250       0.1756       0.0040
     12.8750       0.1789       0.0040
     13.1250       0.1836       0.0040
     13.3750       0.1879       0.0042
     13.6250       0.1921       0.0043
     13.8750       0.1965       0.0043
     14.1250       0.2002       0.0044
     14.3750       0.2051       0.0045
     14.6250       0.2088       0.0046
     14.8750       0.2130       0.0046
     15.1250       0.2174       0.0047
     15.3750       0.2203       0.0049
     15.6250       0.2244       0.0049
     15.8750       0.2270       0.0050
     16.1250       0.2298       0.0050
     16.3750       0.2327       0.0051
     16.6250       0.2348       0.0051
     16.8750       0.2371       0.0051
     17.1250       0.2385       0.0053
     17.3750       0.2391       0.0054
     17.6250       0.2402       0.0053
     17.8750       0.2403       0.0054
     18.1250       0.2405       0.0054
     18.3750       0.2392       0.0055
     18.6250       0.2376       0.0056
     18.8750       0.2364       0.0056
     19.1250       0.2340       0.0057
     19.3750       0.2305       0.0056
     19.6250       0.2272       0.0056
     19.8750       0.2232       0.0055
     20.1250       0.2189       0.0056
     20.3750       0.2137       0.0055
     20.6250       0.2075       0.0053
     20.8750       0.2022       0.0053
     21.1250       0.1954       0.0052
     21.3750       0.1884       0.0050
     21.6250       0.1807       0.0049
     21.8750       0.1731       0.0047
     22.1250       0.1653       0.0046
     22.3750       0.1571       0.0044
     22.6250       0.1493       0.0043
     22.8750       0.1406       0.0043
     23.1250       0.1324       0.0042
     23.3750       0.1238       0.0041
     23.6250       0.1158       0.0040
     23.8750       0.1075       0.0040
     24.1250       0.0994       0.0039
     24.3750       0.0917       0.0039
     24.6250       0.0842       0.0038
     24.8750       0.0768       0.0037
     25.1250       0.0699       0.0036
     25.3750       0.0634       0.0035
     25.6250       0.0571       0.0034
     25.8750       0.0512       0.0032
     26.1250       0.0459       0.0032
     26.3750       0.0409       0.0030
     26.6250       0.0360       0.0029
     26.8750       0.0319       0.0028
     27.1250       0.0280       0.0026
     27.3750       0.0247       0.0025
     27.6250       0.0212       0.0023
     27.8750       0.0184       0.0021
     28.1250       0.0158       0.0019
     28.3750       0.0135       0.0018
     28.6250       0.0116       0.0016
     28.8750       0.0099       0.0015
     29.1250       0.0083       0.0014
     29.3750       0.0068       0.0012
     29.6250       0.0057       0.0011
     29.8750       0.0048       0.0010
     30.1250       0.0039       0.0009
     30.3750       0.0032       0.0008
     30.6250       0.0026       0.0007
     30.8750       0.0021       0.0006
     31.1250       0.0017       0.0006
     31.3750       0.0014       0.0005
     31.6250       0.0010       0.0004
     31.8750       0.0009       0.0004
     32.1250       0.0007       0.0003
     32.3750       0.0005       0.0003
     32.6250       0.0004       0.0002
     32.8750       0.0003       0.0002
     33.1250       0.0002       0.0002
     33.3750       0.0002       0.0001
     33.6250       0.0001       0.0001
     33.8750       0.0001       0.0001
     34.1250       0.0001       0.0001
     34.3750       0.0001       0.0001
     34.6250       0.0000       0.0001
     34.8750       0.0000       0.0000
     35.1250       0.0000       0.0000
     35.3750       0.0000       0.0000
     35.6250       0.0000       0.0000
     35.8750       0.0000       0.0000
     36.1250       0.0000       0.0000
     36.3750       0.0000       0.0000
     36.6250       0.0000       0.0000
     36.8750       0.0000       0.0000
     37.1250       0.0000       0.0000
     37.3750       0.0000       0.0000
     37.6250       0.0000       0.0000
     37.8750       0.0000       0.0000
     38.1250       0.0000       0.0000
     38.3750       0.0000       0.0000
     38.6250       0.0000       0.0000
     38.8750       0.0000       0.0000
     39.1250       0.0000       0.0000
