#Z                :PC|:OL  sd(:PC|:OL)
    -38.8750       0.0000       0.0000
    -38.6250       0.0000       0.0000
    -38.3750       0.0000       0.0000
    -38.1250       0.0000       0.0000
    -37.8750       0.0000       0.0000
    -37.6250       0.0000       0.0000
    -37.3750       0.0000       0.0000
    -37.1250       0.0000       0.0000
    -36.8750       0.0000       0.0000
    -36.6250       0.0000       0.0000
    -36.3750       0.0000       0.0000
    -36.1250       0.0000       0.0000
    -35.8750       0.0000       0.0000
    -35.6250       0.0000       0.0000
    -35.3750       0.0000       0.0000
    -35.1250       0.0000       0.0000
    -34.8750       0.0000       0.0000
    -34.6250       0.0000       0.0001
    -34.3750       0.0000       0.0001
    -34.1250       0.0001       0.0001
    -33.8750       0.0001       0.0001
    -33.6250       0.0001       0.0001
    -33.3750       0.0002       0.0001
    -33.1250       0.0002       0.0002
    -32.8750       0.0003       0.0002
    -32.6250       0.0004       0.0002
    -32.3750       0.0005       0.0003
    -32.1250       0.0006       0.0003
    -31.8750       0.0008       0.0004
    -31.6250       0.0010       0.0004
    -31.3750       0.0013       0.0005
    -31.1250       0.0015       0.0005
    -30.8750       0.0019       0.0006
    -30.6250       0.0024       0.0007
    -30.3750       0.0028       0.0008
    -30.1250       0.0035       0.0009
    -29.8750       0.0042       0.0010
    -29.6250       0.0051       0.0011
    -29.3750       0.0061       0.0012
    -29.1250       0.0074       0.0014
    -28.8750       0.0087       0.0015
    -28.6250       0.0103       0.0017
    -28.3750       0.0119       0.0017
    -28.1250       0.0141       0.0019
    -27.8750       0.0163       0.0021
    -27.6250       0.0189       0.0023
    -27.3750       0.0218       0.0025
    -27.1250       0.0248       0.0026
    -26.8750       0.0281       0.0028
    -26.6250       0.0323       0.0029
    -26.3750       0.0363       0.0031
    -26.1250       0.0408       0.0032
    -25.8750       0.0457       0.0033
    -25.6250       0.0512       0.0035
    -25.3750       0.0566       0.0036
    -25.1250       0.0630       0.0037
    -24.8750       0.0692       0.0038
    -24.6250       0.0758       0.0038
    -24.3750       0.0831       0.0039
    -24.1250       0.0904       0.0039
    -23.8750       0.0981       0.0040
    -23.6250       0.1060       0.0040
    -23.3750       0.1139       0.0041
    -23.1250       0.1218       0.0042
    -22.8750       0.1298       0.0042
    -22.6250       0.1381       0.0043
    -22.3750       0.1462       0.0044
    -22.1250       0.1534       0.0046
    -21.8750       0.1619       0.0047
    -21.6250       0.1693       0.0048
    -21.3750       0.1766       0.0049
    -21.1250       0.1839       0.0050
    -20.8750       0.1904       0.0052
    -20.6250       0.1979       0.0053
    -20.3750       0.2040       0.0055
    -20.1250       0.2093       0.0056
    -19.8750       0.2140       0.0056
    -19.6250       0.2193       0.0056
    -19.3750       0.2237       0.0057
    -19.1250       0.2275       0.0058
    -18.8750       0.2306       0.0058
    -18.6250       0.2337       0.0058
    -18.3750       0.2360       0.0059
    -18.1250       0.2382       0.0058
    -17.8750       0.2396       0.0058
    -17.6250       0.2400       0.0058
    -17.3750       0.2405       0.0056
    -17.1250       0.2417       0.0057
    -16.8750       0.2408       0.0056
    -16.6250       0.2398       0.0055
    -16.3750       0.2390       0.0055
    -16.1250       0.2371       0.0054
    -15.8750       0.2357       0.0053
    -15.6250       0.2331       0.0053
    -15.3750       0.2309       0.0051
    -15.1250       0.2280       0.0050
    -14.8750       0.2251       0.0050
    -14.6250       0.2220       0.0048
    -14.3750       0.2186       0.0047
    -14.1250       0.2149       0.0047
    -13.8750       0.2107       0.0045
    -13.6250       0.2070       0.0045
    -13.3750       0.2033       0.0044
    -13.1250       0.1991       0.0043
    -12.8750       0.1951       0.0042
    -12.6250       0.1911       0.0042
    -12.3750       0.1874       0.0041
    -12.1250       0.1836       0.0040
    -11.8750       0.1795       0.0040
    -11.6250       0.1761       0.0040
    -11.3750       0.1727       0.0039
    -11.1250       0.1698       0.0039
    -10.8750       0.1666       0.0039
    -10.6250       0.1638       0.0038
    -10.3750       0.1610       0.0037
    -10.1250       0.1592       0.0037
     -9.8750       0.1568       0.0037
     -9.6250       0.1546       0.0035
     -9.3750       0.1530       0.0036
     -9.1250       0.1507       0.0035
     -8.8750       0.1493       0.0034
     -8.6250       0.1481       0.0034
     -8.3750       0.1467       0.0032
     -8.1250       0.1456       0.0033
     -7.8750       0.1442       0.0032
     -7.6250       0.1433       0.0032
     -7.3750       0.1425       0.0032
     -7.1250       0.1412       0.0032
     -6.8750       0.1404       0.0031
     -6.6250       0.1394       0.0031
     -6.3750       0.1385       0.0031
     -6.1250       0.1377       0.0030
     -5.8750       0.1367       0.0031
     -5.6250       0.1362       0.0031
     -5.3750       0.1351       0.0030
     -5.1250       0.1340       0.0030
     -4.8750       0.1332       0.0030
     -4.6250       0.1322       0.0030
     -4.3750       0.1315       0.0030
     -4.1250       0.1304       0.0030
     -3.8750       0.1290       0.0030
     -3.6250       0.1282       0.0029
     -3.3750       0.1270       0.0030
     -3.1250       0.1262       0.0030
     -2.8750       0.1251       0.0029
     -2.6250       0.1240       0.0029
     -2.3750       0.1232       0.0029
     -2.1250       0.1221       0.0029
     -1.8750       0.1214       0.0029
     -1.6250       0.1206       0.0029
     -1.3750       0.1197       0.0029
     -1.1250       0.1193       0.0029
     -0.8750       0.1186       0.0029
     -0.6250       0.1180       0.0029
     -0.3750       0.1179       0.0029
     -0.1250       0.1174       0.0029
      0.1250       0.1173       0.0029
      0.3750       0.1177       0.0029
      0.6250       0.1176       0.0029
      0.8750       0.1176       0.0029
      1.1250       0.1179       0.0029
      1.3750       0.1181       0.0029
      1.6250       0.1188       0.0029
      1.8750       0.1197       0.0029
      2.1250       0.1202       0.0029
      2.3750       0.1213       0.0029
      2.6250       0.1218       0.0029
      2.8750       0.1224       0.0029
      3.1250       0.1235       0.0029
      3.3750       0.1246       0.0029
      3.6250       0.1257       0.0029
      3.8750       0.1261       0.0029
      4.1250       0.1273       0.0030
      4.3750       0.1283       0.0029
      4.6250       0.1291       0.0030
      4.8750       0.1303       0.0030
      5.1250       0.1308       0.0030
      5.3750       0.1317       0.0030
      5.6250       0.1325       0.0030
      5.8750       0.1333       0.0030
      6.1250       0.1339       0.0030
      6.3750       0.1348       0.0030
      6.6250       0.1355       0.0030
      6.8750       0.1363       0.0030
      7.1250       0.1370       0.0030
      7.3750       0.1379       0.0031
      7.6250       0.1387       0.0031
      7.8750       0.1397       0.0032
      8.1250       0.1405       0.0032
      8.3750       0.1416       0.0033
      8.6250       0.1425       0.0033
      8.8750       0.1437       0.0033
      9.1250       0.1448       0.0034
      9.3750       0.1458       0.0034
      9.6250       0.1473       0.0035
      9.8750       0.1489       0.0036
     10.1250       0.1508       0.0036
     10.3750       0.1529       0.0037
     10.6250       0.1547       0.0037
     10.8750       0.1570       0.0038
     11.1250       0.1599       0.0038
     11.3750       0.1622       0.0038
     11.6250       0.1653       0.0039
     11.8750       0.1686       0.0039
     12.1250       0.1717       0.0039
     12.3750       0.1752       0.0039
     12.6250       0.1792       0.0040
     12.8750       0.1827       0.0040
     13.1250       0.1861       0.0040
     13.3750       0.1906       0.0042
     13.6250       0.1942       0.0042
     13.8750       0.1979       0.0043
     14.1250       0.2022       0.0044
     14.3750       0.2060       0.0044
     14.6250       0.2098       0.0045
     14.8750       0.2136       0.0046
     15.1250       0.2167       0.0047
     15.3750       0.2198       0.0048
     15.6250       0.2230       0.0049
     15.8750       0.2265       0.0050
     16.1250       0.2278       0.0051
     16.3750       0.2306       0.0052
     16.6250       0.2320       0.0052
     16.8750       0.2330       0.0053
     17.1250       0.2343       0.0053
     17.3750       0.2354       0.0054
     17.6250       0.2350       0.0055
     17.8750       0.2344       0.0055
     18.1250       0.2343       0.0056
     18.3750       0.2332       0.0056
     18.6250       0.2315       0.0057
     18.8750       0.2291       0.0057
     19.1250       0.2269       0.0057
     19.3750       0.2239       0.0058
     19.6250       0.2200       0.0058
     19.8750       0.2159       0.0057
     20.1250       0.2117       0.0056
     20.3750       0.2065       0.0054
     20.6250       0.2014       0.0055
     20.8750       0.1951       0.0053
     21.1250       0.1891       0.0050
     21.3750       0.1821       0.0050
     21.6250       0.1749       0.0048
     21.8750       0.1676       0.0047
     22.1250       0.1606       0.0045
     22.3750       0.1522       0.0044
     22.6250       0.1446       0.0042
     22.8750       0.1368       0.0042
     23.1250       0.1290       0.0041
     23.3750       0.1213       0.0040
     23.6250       0.1133       0.0039
     23.8750       0.1057       0.0038
     24.1250       0.0982       0.0038
     24.3750       0.0906       0.0037
     24.6250       0.0837       0.0037
     24.8750       0.0768       0.0035
     25.1250       0.0702       0.0035
     25.3750       0.0643       0.0034
     25.6250       0.0581       0.0034
     25.8750       0.0526       0.0033
     26.1250       0.0471       0.0031
     26.3750       0.0424       0.0030
     26.6250       0.0377       0.0028
     26.8750       0.0336       0.0027
     27.1250       0.0298       0.0026
     27.3750       0.0263       0.0025
     27.6250       0.0231       0.0024
     27.8750       0.0202       0.0022
     28.1250       0.0177       0.0021
     28.3750       0.0155       0.0020
     28.6250       0.0133       0.0018
     28.8750       0.0113       0.0017
     29.1250       0.0098       0.0016
     29.3750       0.0084       0.0014
     29.6250       0.0072       0.0014
     29.8750       0.0061       0.0012
     30.1250       0.0051       0.0011
     30.3750       0.0044       0.0010
     30.6250       0.0037       0.0009
     30.8750       0.0030       0.0008
     31.1250       0.0025       0.0007
     31.3750       0.0021       0.0007
     31.6250       0.0017       0.0006
     31.8750       0.0014       0.0005
     32.1250       0.0011       0.0005
     32.3750       0.0009       0.0004
     32.6250       0.0007       0.0003
     32.8750       0.0006       0.0003
     33.1250       0.0005       0.0003
     33.3750       0.0004       0.0002
     33.6250       0.0003       0.0002
     33.8750       0.0002       0.0002
     34.1250       0.0002       0.0002
     34.3750       0.0001       0.0001
     34.6250       0.0001       0.0001
     34.8750       0.0001       0.0001
     35.1250       0.0001       0.0001
     35.3750       0.0000       0.0001
     35.6250       0.0000       0.0001
     35.8750       0.0000       0.0000
     36.1250       0.0000       0.0000
     36.3750       0.0000       0.0000
     36.6250       0.0000       0.0000
     36.8750       0.0000       0.0000
     37.1250       0.0000       0.0000
     37.3750       0.0000       0.0000
     37.6250       0.0000       0.0000
     37.8750       0.0000       0.0000
     38.1250       0.0000       0.0000
     38.3750       0.0000       0.0000
     38.6250       0.0000       0.0000
     38.8750       0.0000       0.0000
     39.1250       0.0000       0.0000
     39.3750       0.0000       0.0000
     39.6250       0.0000       0.0000
