#Z                :PC|:OL  sd(:PC|:OL)
    -38.1250       0.0000       0.0000
    -37.8750       0.0000       0.0000
    -37.6250       0.0000       0.0000
    -37.3750       0.0000       0.0000
    -37.1250       0.0000       0.0000
    -36.8750       0.0000       0.0000
    -36.6250       0.0000       0.0000
    -36.3750       0.0000       0.0000
    -36.1250       0.0000       0.0000
    -35.8750       0.0000       0.0000
    -35.6250       0.0000       0.0000
    -35.3750       0.0000       0.0000
    -35.1250       0.0000       0.0000
    -34.8750       0.0000       0.0000
    -34.6250       0.0000       0.0001
    -34.3750       0.0001       0.0001
    -34.1250       0.0001       0.0001
    -33.8750       0.0001       0.0001
    -33.6250       0.0001       0.0001
    -33.3750       0.0002       0.0001
    -33.1250       0.0002       0.0002
    -32.8750       0.0003       0.0002
    -32.6250       0.0004       0.0002
    -32.3750       0.0005       0.0003
    -32.1250       0.0006       0.0003
    -31.8750       0.0008       0.0004
    -31.6250       0.0009       0.0004
    -31.3750       0.0012       0.0005
    -31.1250       0.0015       0.0006
    -30.8750       0.0018       0.0006
    -30.6250       0.0023       0.0007
    -30.3750       0.0028       0.0008
    -30.1250       0.0033       0.0009
    -29.8750       0.0041       0.0010
    -29.6250       0.0049       0.0011
    -29.3750       0.0059       0.0013
    -29.1250       0.0070       0.0014
    -28.8750       0.0083       0.0015
    -28.6250       0.0098       0.0017
    -28.3750       0.0117       0.0019
    -28.1250       0.0136       0.0021
    -27.8750       0.0157       0.0022
    -27.6250       0.0181       0.0024
    -27.3750       0.0211       0.0026
    -27.1250       0.0241       0.0028
    -26.8750       0.0276       0.0029
    -26.6250       0.0314       0.0031
    -26.3750       0.0355       0.0032
    -26.1250       0.0400       0.0034
    -25.8750       0.0450       0.0035
    -25.6250       0.0503       0.0037
    -25.3750       0.0560       0.0038
    -25.1250       0.0622       0.0039
    -24.8750       0.0688       0.0039
    -24.6250       0.0754       0.0040
    -24.3750       0.0824       0.0041
    -24.1250       0.0898       0.0041
    -23.8750       0.0973       0.0041
    -23.6250       0.1053       0.0041
    -23.3750       0.1130       0.0042
    -23.1250       0.1213       0.0042
    -22.8750       0.1293       0.0043
    -22.6250       0.1373       0.0043
    -22.3750       0.1454       0.0044
    -22.1250       0.1537       0.0045
    -21.8750       0.1619       0.0045
    -21.6250       0.1693       0.0047
    -21.3750       0.1766       0.0048
    -21.1250       0.1844       0.0050
    -20.8750       0.1911       0.0051
    -20.6250       0.1976       0.0053
    -20.3750       0.2038       0.0054
    -20.1250       0.2095       0.0055
    -19.8750       0.2152       0.0056
    -19.6250       0.2197       0.0058
    -19.3750       0.2246       0.0057
    -19.1250       0.2286       0.0058
    -18.8750       0.2320       0.0059
    -18.6250       0.2349       0.0059
    -18.3750       0.2372       0.0060
    -18.1250       0.2394       0.0059
    -17.8750       0.2406       0.0059
    -17.6250       0.2420       0.0059
    -17.3750       0.2428       0.0059
    -17.1250       0.2422       0.0057
    -16.8750       0.2422       0.0057
    -16.6250       0.2409       0.0056
    -16.3750       0.2400       0.0056
    -16.1250       0.2386       0.0055
    -15.8750       0.2362       0.0054
    -15.6250       0.2340       0.0053
    -15.3750       0.2313       0.0053
    -15.1250       0.2289       0.0051
    -14.8750       0.2254       0.0050
    -14.6250       0.2216       0.0050
    -14.3750       0.2182       0.0048
    -14.1250       0.2143       0.0046
    -13.8750       0.2108       0.0046
    -13.6250       0.2063       0.0045
    -13.3750       0.2023       0.0044
    -13.1250       0.1983       0.0043
    -12.8750       0.1946       0.0041
    -12.6250       0.1905       0.0041
    -12.3750       0.1865       0.0041
    -12.1250       0.1828       0.0039
    -11.8750       0.1790       0.0040
    -11.6250       0.1758       0.0039
    -11.3750       0.1723       0.0039
    -11.1250       0.1692       0.0038
    -10.8750       0.1663       0.0037
    -10.6250       0.1634       0.0037
    -10.3750       0.1608       0.0037
    -10.1250       0.1584       0.0036
     -9.8750       0.1560       0.0036
     -9.6250       0.1547       0.0035
     -9.3750       0.1521       0.0035
     -9.1250       0.1510       0.0034
     -8.8750       0.1491       0.0034
     -8.6250       0.1478       0.0033
     -8.3750       0.1461       0.0032
     -8.1250       0.1453       0.0032
     -7.8750       0.1441       0.0032
     -7.6250       0.1430       0.0032
     -7.3750       0.1420       0.0031
     -7.1250       0.1412       0.0031
     -6.8750       0.1404       0.0031
     -6.6250       0.1393       0.0031
     -6.3750       0.1385       0.0031
     -6.1250       0.1377       0.0031
     -5.8750       0.1371       0.0031
     -5.6250       0.1361       0.0030
     -5.3750       0.1351       0.0030
     -5.1250       0.1343       0.0030
     -4.8750       0.1333       0.0030
     -4.6250       0.1323       0.0030
     -4.3750       0.1315       0.0030
     -4.1250       0.1306       0.0030
     -3.8750       0.1293       0.0029
     -3.6250       0.1286       0.0029
     -3.3750       0.1274       0.0030
     -3.1250       0.1267       0.0029
     -2.8750       0.1253       0.0029
     -2.6250       0.1246       0.0029
     -2.3750       0.1239       0.0029
     -2.1250       0.1227       0.0029
     -1.8750       0.1220       0.0029
     -1.6250       0.1208       0.0029
     -1.3750       0.1203       0.0029
     -1.1250       0.1196       0.0029
     -0.8750       0.1187       0.0029
     -0.6250       0.1187       0.0029
     -0.3750       0.1180       0.0029
     -0.1250       0.1177       0.0029
      0.1250       0.1176       0.0029
      0.3750       0.1176       0.0030
      0.6250       0.1177       0.0029
      0.8750       0.1180       0.0029
      1.1250       0.1184       0.0029
      1.3750       0.1185       0.0029
      1.6250       0.1194       0.0029
      1.8750       0.1200       0.0029
      2.1250       0.1205       0.0029
      2.3750       0.1213       0.0029
      2.6250       0.1219       0.0029
      2.8750       0.1229       0.0030
      3.1250       0.1236       0.0029
      3.3750       0.1245       0.0029
      3.6250       0.1256       0.0030
      3.8750       0.1264       0.0029
      4.1250       0.1274       0.0029
      4.3750       0.1282       0.0030
      4.6250       0.1293       0.0029
      4.8750       0.1302       0.0029
      5.1250       0.1312       0.0030
      5.3750       0.1319       0.0030
      5.6250       0.1326       0.0030
      5.8750       0.1334       0.0030
      6.1250       0.1341       0.0031
      6.3750       0.1350       0.0031
      6.6250       0.1352       0.0031
      6.8750       0.1363       0.0030
      7.1250       0.1362       0.0030
      7.3750       0.1371       0.0030
      7.6250       0.1380       0.0031
      7.8750       0.1389       0.0031
      8.1250       0.1394       0.0032
      8.3750       0.1399       0.0030
      8.6250       0.1407       0.0031
      8.8750       0.1419       0.0032
      9.1250       0.1427       0.0033
      9.3750       0.1441       0.0033
      9.6250       0.1453       0.0034
      9.8750       0.1467       0.0034
     10.1250       0.1487       0.0035
     10.3750       0.1506       0.0036
     10.6250       0.1531       0.0037
     10.8750       0.1550       0.0037
     11.1250       0.1578       0.0038
     11.3750       0.1606       0.0039
     11.6250       0.1637       0.0039
     11.8750       0.1669       0.0039
     12.1250       0.1705       0.0039
     12.3750       0.1738       0.0039
     12.6250       0.1784       0.0041
     12.8750       0.1817       0.0041
     13.1250       0.1859       0.0041
     13.3750       0.1896       0.0041
     13.6250       0.1942       0.0042
     13.8750       0.1978       0.0043
     14.1250       0.2025       0.0044
     14.3750       0.2059       0.0044
     14.6250       0.2098       0.0045
     14.8750       0.2139       0.0047
     15.1250       0.2175       0.0048
     15.3750       0.2205       0.0049
     15.6250       0.2239       0.0049
     15.8750       0.2267       0.0049
     16.1250       0.2294       0.0052
     16.3750       0.2314       0.0052
     16.6250       0.2333       0.0054
     16.8750       0.2351       0.0054
     17.1250       0.2357       0.0054
     17.3750       0.2363       0.0056
     17.6250       0.2366       0.0056
     17.8750       0.2367       0.0058
     18.1250       0.2362       0.0058
     18.3750       0.2350       0.0057
     18.6250       0.2331       0.0059
     18.8750       0.2314       0.0059
     19.1250       0.2293       0.0060
     19.3750       0.2257       0.0059
     19.6250       0.2222       0.0060
     19.8750       0.2181       0.0060
     20.1250       0.2134       0.0058
     20.3750       0.2084       0.0058
     20.6250       0.2030       0.0057
     20.8750       0.1967       0.0056
     21.1250       0.1904       0.0054
     21.3750       0.1832       0.0052
     21.6250       0.1767       0.0052
     21.8750       0.1685       0.0048
     22.1250       0.1612       0.0047
     22.3750       0.1529       0.0045
     22.6250       0.1449       0.0043
     22.8750       0.1367       0.0042
     23.1250       0.1289       0.0041
     23.3750       0.1208       0.0040
     23.6250       0.1122       0.0039
     23.8750       0.1048       0.0038
     24.1250       0.0969       0.0038
     24.3750       0.0896       0.0038
     24.6250       0.0827       0.0038
     24.8750       0.0755       0.0037
     25.1250       0.0686       0.0037
     25.3750       0.0625       0.0036
     25.6250       0.0566       0.0037
     25.8750       0.0510       0.0035
     26.1250       0.0459       0.0034
     26.3750       0.0411       0.0034
     26.6250       0.0367       0.0033
     26.8750       0.0326       0.0032
     27.1250       0.0290       0.0031
     27.3750       0.0252       0.0029
     27.6250       0.0224       0.0028
     27.8750       0.0195       0.0026
     28.1250       0.0171       0.0025
     28.3750       0.0147       0.0023
     28.6250       0.0127       0.0022
     28.8750       0.0110       0.0020
     29.1250       0.0094       0.0018
     29.3750       0.0080       0.0017
     29.6250       0.0068       0.0015
     29.8750       0.0058       0.0014
     30.1250       0.0050       0.0013
     30.3750       0.0041       0.0012
     30.6250       0.0035       0.0011
     30.8750       0.0029       0.0009
     31.1250       0.0023       0.0008
     31.3750       0.0020       0.0008
     31.6250       0.0017       0.0007
     31.8750       0.0013       0.0006
     32.1250       0.0011       0.0005
     32.3750       0.0009       0.0005
     32.6250       0.0007       0.0004
     32.8750       0.0006       0.0004
     33.1250       0.0005       0.0003
     33.3750       0.0004       0.0003
     33.6250       0.0003       0.0003
     33.8750       0.0003       0.0002
     34.1250       0.0002       0.0002
     34.3750       0.0002       0.0002
     34.6250       0.0001       0.0002
     34.8750       0.0001       0.0001
     35.1250       0.0001       0.0001
     35.3750       0.0001       0.0001
     35.6250       0.0001       0.0001
     35.8750       0.0000       0.0001
     36.1250       0.0000       0.0001
     36.3750       0.0000       0.0001
     36.6250       0.0000       0.0000
     36.8750       0.0000       0.0000
     37.1250       0.0000       0.0000
     37.3750       0.0000       0.0000
     37.6250       0.0000       0.0000
     37.8750       0.0000       0.0000
     38.1250       0.0000       0.0000
     38.3750       0.0000       0.0000
     38.6250       0.0000       0.0000
     38.8750       0.0000       0.0000
     39.1250       0.0000       0.0000
     39.3750       0.0000       0.0000
     39.6250       0.0000       0.0000
