#Z                :PC|:OL  sd(:PC|:OL)
    -38.3750       0.0000       0.0000
    -38.1250       0.0000       0.0000
    -37.8750       0.0000       0.0000
    -37.6250       0.0000       0.0000
    -37.3750       0.0000       0.0000
    -37.1250       0.0000       0.0000
    -36.8750       0.0000       0.0000
    -36.6250       0.0000       0.0000
    -36.3750       0.0000       0.0000
    -36.1250       0.0000       0.0000
    -35.8750       0.0000       0.0000
    -35.6250       0.0000       0.0000
    -35.3750       0.0000       0.0000
    -35.1250       0.0000       0.0000
    -34.8750       0.0000       0.0000
    -34.6250       0.0000       0.0001
    -34.3750       0.0000       0.0001
    -34.1250       0.0001       0.0001
    -33.8750       0.0001       0.0001
    -33.6250       0.0001       0.0001
    -33.3750       0.0001       0.0001
    -33.1250       0.0002       0.0002
    -32.8750       0.0002       0.0002
    -32.6250       0.0003       0.0002
    -32.3750       0.0004       0.0003
    -32.1250       0.0005       0.0003
    -31.8750       0.0006       0.0003
    -31.6250       0.0008       0.0004
    -31.3750       0.0010       0.0004
    -31.1250       0.0012       0.0005
    -30.8750       0.0016       0.0006
    -30.6250       0.0020       0.0007
    -30.3750       0.0024       0.0007
    -30.1250       0.0029       0.0009
    -29.8750       0.0036       0.0010
    -29.6250       0.0043       0.0011
    -29.3750       0.0053       0.0012
    -29.1250       0.0062       0.0013
    -28.8750       0.0075       0.0014
    -28.6250       0.0089       0.0016
    -28.3750       0.0106       0.0018
    -28.1250       0.0124       0.0019
    -27.8750       0.0145       0.0021
    -27.6250       0.0170       0.0023
    -27.3750       0.0196       0.0024
    -27.1250       0.0227       0.0026
    -26.8750       0.0262       0.0028
    -26.6250       0.0297       0.0029
    -26.3750       0.0337       0.0030
    -26.1250       0.0383       0.0032
    -25.8750       0.0428       0.0033
    -25.6250       0.0481       0.0034
    -25.3750       0.0538       0.0035
    -25.1250       0.0601       0.0037
    -24.8750       0.0662       0.0038
    -24.6250       0.0730       0.0038
    -24.3750       0.0802       0.0039
    -24.1250       0.0878       0.0039
    -23.8750       0.0951       0.0040
    -23.6250       0.1034       0.0040
    -23.3750       0.1117       0.0041
    -23.1250       0.1202       0.0041
    -22.8750       0.1285       0.0042
    -22.6250       0.1372       0.0043
    -22.3750       0.1455       0.0044
    -22.1250       0.1542       0.0045
    -21.8750       0.1625       0.0047
    -21.6250       0.1707       0.0048
    -21.3750       0.1784       0.0050
    -21.1250       0.1866       0.0051
    -20.8750       0.1938       0.0052
    -20.6250       0.2011       0.0055
    -20.3750       0.2072       0.0055
    -20.1250       0.2140       0.0056
    -19.8750       0.2198       0.0058
    -19.6250       0.2250       0.0058
    -19.3750       0.2300       0.0058
    -19.1250       0.2340       0.0059
    -18.8750       0.2374       0.0060
    -18.6250       0.2408       0.0058
    -18.3750       0.2425       0.0058
    -18.1250       0.2443       0.0058
    -17.8750       0.2456       0.0057
    -17.6250       0.2472       0.0056
    -17.3750       0.2476       0.0057
    -17.1250       0.2471       0.0055
    -16.8750       0.2464       0.0056
    -16.6250       0.2450       0.0056
    -16.3750       0.2437       0.0054
    -16.1250       0.2427       0.0054
    -15.8750       0.2397       0.0053
    -15.6250       0.2375       0.0053
    -15.3750       0.2346       0.0051
    -15.1250       0.2315       0.0051
    -14.8750       0.2281       0.0050
    -14.6250       0.2248       0.0048
    -14.3750       0.2205       0.0048
    -14.1250       0.2167       0.0047
    -13.8750       0.2126       0.0046
    -13.6250       0.2083       0.0044
    -13.3750       0.2039       0.0044
    -13.1250       0.1997       0.0044
    -12.8750       0.1954       0.0043
    -12.6250       0.1910       0.0042
    -12.3750       0.1871       0.0042
    -12.1250       0.1830       0.0041
    -11.8750       0.1793       0.0041
    -11.6250       0.1750       0.0039
    -11.3750       0.1715       0.0039
    -11.1250       0.1685       0.0039
    -10.8750       0.1656       0.0038
    -10.6250       0.1627       0.0038
    -10.3750       0.1594       0.0036
    -10.1250       0.1571       0.0036
     -9.8750       0.1549       0.0036
     -9.6250       0.1528       0.0035
     -9.3750       0.1514       0.0034
     -9.1250       0.1490       0.0033
     -8.8750       0.1477       0.0033
     -8.6250       0.1466       0.0032
     -8.3750       0.1454       0.0032
     -8.1250       0.1443       0.0032
     -7.8750       0.1437       0.0031
     -7.6250       0.1424       0.0031
     -7.3750       0.1417       0.0031
     -7.1250       0.1408       0.0031
     -6.8750       0.1401       0.0031
     -6.6250       0.1395       0.0031
     -6.3750       0.1386       0.0031
     -6.1250       0.1377       0.0030
     -5.8750       0.1373       0.0030
     -5.6250       0.1363       0.0031
     -5.3750       0.1353       0.0030
     -5.1250       0.1345       0.0031
     -4.8750       0.1336       0.0030
     -4.6250       0.1330       0.0031
     -4.3750       0.1322       0.0030
     -4.1250       0.1308       0.0030
     -3.8750       0.1299       0.0030
     -3.6250       0.1287       0.0029
     -3.3750       0.1277       0.0029
     -3.1250       0.1265       0.0029
     -2.8750       0.1255       0.0029
     -2.6250       0.1247       0.0029
     -2.3750       0.1237       0.0029
     -2.1250       0.1228       0.0029
     -1.8750       0.1214       0.0029
     -1.6250       0.1205       0.0029
     -1.3750       0.1194       0.0029
     -1.1250       0.1191       0.0029
     -0.8750       0.1184       0.0029
     -0.6250       0.1177       0.0029
     -0.3750       0.1172       0.0029
     -0.1250       0.1169       0.0029
      0.1250       0.1168       0.0029
      0.3750       0.1166       0.0029
      0.6250       0.1168       0.0029
      0.8750       0.1169       0.0029
      1.1250       0.1169       0.0029
      1.3750       0.1175       0.0029
      1.6250       0.1182       0.0029
      1.8750       0.1188       0.0029
      2.1250       0.1194       0.0029
      2.3750       0.1200       0.0029
      2.6250       0.1207       0.0029
      2.8750       0.1218       0.0029
      3.1250       0.1225       0.0029
      3.3750       0.1233       0.0029
      3.6250       0.1247       0.0029
      3.8750       0.1258       0.0030
      4.1250       0.1265       0.0029
      4.3750       0.1278       0.0029
      4.6250       0.1287       0.0029
      4.8750       0.1295       0.0030
      5.1250       0.1305       0.0030
      5.3750       0.1316       0.0030
      5.6250       0.1323       0.0030
      5.8750       0.1329       0.0030
      6.1250       0.1338       0.0030
      6.3750       0.1343       0.0030
      6.6250       0.1353       0.0030
      6.8750       0.1359       0.0031
      7.1250       0.1366       0.0031
      7.3750       0.1376       0.0031
      7.6250       0.1379       0.0031
      7.8750       0.1385       0.0031
      8.1250       0.1393       0.0031
      8.3750       0.1399       0.0032
      8.6250       0.1408       0.0032
      8.8750       0.1421       0.0032
      9.1250       0.1428       0.0032
      9.3750       0.1444       0.0033
      9.6250       0.1455       0.0034
      9.8750       0.1469       0.0035
     10.1250       0.1489       0.0035
     10.3750       0.1503       0.0035
     10.6250       0.1527       0.0035
     10.8750       0.1548       0.0036
     11.1250       0.1574       0.0036
     11.3750       0.1599       0.0037
     11.6250       0.1631       0.0038
     11.8750       0.1660       0.0037
     12.1250       0.1696       0.0038
     12.3750       0.1730       0.0038
     12.6250       0.1764       0.0039
     12.8750       0.1806       0.0039
     13.1250       0.1844       0.0040
     13.3750       0.1882       0.0041
     13.6250       0.1931       0.0041
     13.8750       0.1965       0.0043
     14.1250       0.2011       0.0044
     14.3750       0.2048       0.0045
     14.6250       0.2087       0.0046
     14.8750       0.2131       0.0047
     15.1250       0.2166       0.0048
     15.3750       0.2199       0.0049
     15.6250       0.2234       0.0050
     15.8750       0.2262       0.0051
     16.1250       0.2284       0.0053
     16.3750       0.2312       0.0053
     16.6250       0.2334       0.0054
     16.8750       0.2350       0.0055
     17.1250       0.2360       0.0056
     17.3750       0.2371       0.0055
     17.6250       0.2377       0.0055
     17.8750       0.2375       0.0056
     18.1250       0.2370       0.0057
     18.3750       0.2362       0.0058
     18.6250       0.2351       0.0058
     18.8750       0.2329       0.0058
     19.1250       0.2305       0.0059
     19.3750       0.2271       0.0057
     19.6250       0.2241       0.0057
     19.8750       0.2200       0.0057
     20.1250       0.2160       0.0055
     20.3750       0.2111       0.0055
     20.6250       0.2056       0.0054
     20.8750       0.1997       0.0052
     21.1250       0.1931       0.0049
     21.3750       0.1867       0.0050
     21.6250       0.1797       0.0048
     21.8750       0.1719       0.0046
     22.1250       0.1641       0.0044
     22.3750       0.1566       0.0045
     22.6250       0.1483       0.0043
     22.8750       0.1403       0.0042
     23.1250       0.1320       0.0042
     23.3750       0.1237       0.0041
     23.6250       0.1159       0.0041
     23.8750       0.1077       0.0041
     24.1250       0.0995       0.0040
     24.3750       0.0923       0.0041
     24.6250       0.0847       0.0040
     24.8750       0.0774       0.0039
     25.1250       0.0707       0.0039
     25.3750       0.0638       0.0038
     25.6250       0.0578       0.0036
     25.8750       0.0517       0.0036
     26.1250       0.0463       0.0034
     26.3750       0.0415       0.0033
     26.6250       0.0369       0.0032
     26.8750       0.0326       0.0030
     27.1250       0.0286       0.0028
     27.3750       0.0250       0.0026
     27.6250       0.0219       0.0025
     27.8750       0.0189       0.0023
     28.1250       0.0165       0.0022
     28.3750       0.0140       0.0020
     28.6250       0.0119       0.0018
     28.8750       0.0102       0.0016
     29.1250       0.0086       0.0015
     29.3750       0.0072       0.0014
     29.6250       0.0060       0.0012
     29.8750       0.0050       0.0011
     30.1250       0.0041       0.0010
     30.3750       0.0034       0.0009
     30.6250       0.0028       0.0008
     30.8750       0.0023       0.0007
     31.1250       0.0018       0.0006
     31.3750       0.0015       0.0005
     31.6250       0.0012       0.0005
     31.8750       0.0009       0.0004
     32.1250       0.0007       0.0003
     32.3750       0.0006       0.0003
     32.6250       0.0004       0.0003
     32.8750       0.0003       0.0002
     33.1250       0.0003       0.0002
     33.3750       0.0002       0.0002
     33.6250       0.0002       0.0001
     33.8750       0.0001       0.0001
     34.1250       0.0001       0.0001
     34.3750       0.0001       0.0001
     34.6250       0.0000       0.0001
     34.8750       0.0000       0.0001
     35.1250       0.0000       0.0001
     35.3750       0.0000       0.0000
     35.6250       0.0000       0.0000
     35.8750       0.0000       0.0000
     36.1250       0.0000       0.0000
     36.3750       0.0000       0.0000
     36.6250       0.0000       0.0000
     36.8750       0.0000       0.0000
     37.1250       0.0000       0.0000
     37.3750       0.0000       0.0000
     37.6250       0.0000       0.0000
     37.8750       0.0000       0.0000
     38.1250       0.0000       0.0000
     38.3750       0.0000       0.0000
     38.6250       0.0000       0.0000
     38.8750       0.0000       0.0000
     39.1250       0.0000       0.0000
     39.3750       0.0000       0.0000
     39.6250       0.0000       0.0000
     39.8750       0.0000       0.0000
     40.1250       0.0000       0.0000
     40.3750       0.0000       0.0000
     40.6250       0.0000       0.0000
     40.8750       0.0000       0.0000
     41.1250       0.0000       0.0000
