#Z                :PC|:OL  sd(:PC|:OL)
    -37.1250       0.0000       0.0000
    -36.8750       0.0000       0.0000
    -36.6250       0.0000       0.0000
    -36.3750       0.0000       0.0000
    -36.1250       0.0000       0.0000
    -35.8750       0.0000       0.0000
    -35.6250       0.0000       0.0000
    -35.3750       0.0000       0.0000
    -35.1250       0.0000       0.0000
    -34.8750       0.0000       0.0000
    -34.6250       0.0000       0.0000
    -34.3750       0.0000       0.0001
    -34.1250       0.0001       0.0001
    -33.8750       0.0001       0.0001
    -33.6250       0.0001       0.0001
    -33.3750       0.0001       0.0001
    -33.1250       0.0002       0.0001
    -32.8750       0.0002       0.0002
    -32.6250       0.0003       0.0002
    -32.3750       0.0004       0.0002
    -32.1250       0.0005       0.0002
    -31.8750       0.0006       0.0003
    -31.6250       0.0008       0.0003
    -31.3750       0.0010       0.0004
    -31.1250       0.0013       0.0004
    -30.8750       0.0016       0.0005
    -30.6250       0.0020       0.0006
    -30.3750       0.0025       0.0006
    -30.1250       0.0031       0.0007
    -29.8750       0.0038       0.0008
    -29.6250       0.0045       0.0009
    -29.3750       0.0054       0.0010
    -29.1250       0.0066       0.0011
    -28.8750       0.0078       0.0012
    -28.6250       0.0093       0.0013
    -28.3750       0.0112       0.0015
    -28.1250       0.0131       0.0016
    -27.8750       0.0153       0.0017
    -27.6250       0.0179       0.0019
    -27.3750       0.0207       0.0020
    -27.1250       0.0238       0.0021
    -26.8750       0.0275       0.0023
    -26.6250       0.0311       0.0025
    -26.3750       0.0354       0.0026
    -26.1250       0.0397       0.0027
    -25.8750       0.0447       0.0029
    -25.6250       0.0502       0.0030
    -25.3750       0.0563       0.0031
    -25.1250       0.0621       0.0032
    -24.8750       0.0688       0.0034
    -24.6250       0.0759       0.0034
    -24.3750       0.0828       0.0035
    -24.1250       0.0902       0.0037
    -23.8750       0.0985       0.0037
    -23.6250       0.1066       0.0039
    -23.3750       0.1149       0.0039
    -23.1250       0.1230       0.0041
    -22.8750       0.1316       0.0042
    -22.6250       0.1404       0.0043
    -22.3750       0.1492       0.0046
    -22.1250       0.1571       0.0045
    -21.8750       0.1657       0.0048
    -21.6250       0.1739       0.0048
    -21.3750       0.1818       0.0049
    -21.1250       0.1894       0.0050
    -20.8750       0.1968       0.0051
    -20.6250       0.2035       0.0053
    -20.3750       0.2098       0.0053
    -20.1250       0.2153       0.0054
    -19.8750       0.2202       0.0054
    -19.6250       0.2252       0.0056
    -19.3750       0.2297       0.0056
    -19.1250       0.2335       0.0056
    -18.8750       0.2370       0.0055
    -18.6250       0.2390       0.0056
    -18.3750       0.2413       0.0055
    -18.1250       0.2433       0.0056
    -17.8750       0.2439       0.0055
    -17.6250       0.2455       0.0056
    -17.3750       0.2455       0.0054
    -17.1250       0.2449       0.0052
    -16.8750       0.2448       0.0054
    -16.6250       0.2426       0.0053
    -16.3750       0.2412       0.0052
    -16.1250       0.2396       0.0051
    -15.8750       0.2367       0.0051
    -15.6250       0.2345       0.0050
    -15.3750       0.2314       0.0049
    -15.1250       0.2285       0.0048
    -14.8750       0.2250       0.0048
    -14.6250       0.2213       0.0047
    -14.3750       0.2180       0.0046
    -14.1250       0.2136       0.0046
    -13.8750       0.2097       0.0044
    -13.6250       0.2057       0.0043
    -13.3750       0.2009       0.0044
    -13.1250       0.1965       0.0043
    -12.8750       0.1922       0.0043
    -12.6250       0.1883       0.0041
    -12.3750       0.1842       0.0041
    -12.1250       0.1797       0.0040
    -11.8750       0.1759       0.0040
    -11.6250       0.1727       0.0038
    -11.3750       0.1689       0.0038
    -11.1250       0.1660       0.0037
    -10.8750       0.1631       0.0037
    -10.6250       0.1604       0.0037
    -10.3750       0.1581       0.0036
    -10.1250       0.1559       0.0036
     -9.8750       0.1535       0.0035
     -9.6250       0.1526       0.0034
     -9.3750       0.1506       0.0035
     -9.1250       0.1487       0.0033
     -8.8750       0.1478       0.0033
     -8.6250       0.1468       0.0032
     -8.3750       0.1456       0.0033
     -8.1250       0.1446       0.0032
     -7.8750       0.1438       0.0032
     -7.6250       0.1426       0.0032
     -7.3750       0.1417       0.0031
     -7.1250       0.1411       0.0032
     -6.8750       0.1401       0.0031
     -6.6250       0.1398       0.0031
     -6.3750       0.1388       0.0030
     -6.1250       0.1378       0.0030
     -5.8750       0.1370       0.0030
     -5.6250       0.1364       0.0030
     -5.3750       0.1349       0.0030
     -5.1250       0.1343       0.0029
     -4.8750       0.1337       0.0029
     -4.6250       0.1323       0.0029
     -4.3750       0.1320       0.0030
     -4.1250       0.1302       0.0030
     -3.8750       0.1293       0.0029
     -3.6250       0.1280       0.0030
     -3.3750       0.1267       0.0029
     -3.1250       0.1257       0.0029
     -2.8750       0.1252       0.0029
     -2.6250       0.1236       0.0029
     -2.3750       0.1229       0.0029
     -2.1250       0.1215       0.0029
     -1.8750       0.1207       0.0029
     -1.6250       0.1197       0.0029
     -1.3750       0.1186       0.0029
     -1.1250       0.1181       0.0029
     -0.8750       0.1170       0.0029
     -0.6250       0.1167       0.0028
     -0.3750       0.1167       0.0029
     -0.1250       0.1158       0.0029
      0.1250       0.1156       0.0028
      0.3750       0.1161       0.0029
      0.6250       0.1158       0.0029
      0.8750       0.1162       0.0029
      1.1250       0.1168       0.0029
      1.3750       0.1170       0.0028
      1.6250       0.1178       0.0029
      1.8750       0.1180       0.0029
      2.1250       0.1189       0.0029
      2.3750       0.1203       0.0029
      2.6250       0.1214       0.0029
      2.8750       0.1221       0.0030
      3.1250       0.1227       0.0029
      3.3750       0.1237       0.0029
      3.6250       0.1249       0.0030
      3.8750       0.1257       0.0030
      4.1250       0.1265       0.0029
      4.3750       0.1277       0.0030
      4.6250       0.1289       0.0030
      4.8750       0.1297       0.0030
      5.1250       0.1308       0.0030
      5.3750       0.1315       0.0030
      5.6250       0.1322       0.0030
      5.8750       0.1329       0.0030
      6.1250       0.1335       0.0030
      6.3750       0.1346       0.0030
      6.6250       0.1354       0.0030
      6.8750       0.1358       0.0030
      7.1250       0.1363       0.0031
      7.3750       0.1373       0.0030
      7.6250       0.1378       0.0031
      7.8750       0.1387       0.0031
      8.1250       0.1392       0.0031
      8.3750       0.1402       0.0031
      8.6250       0.1407       0.0032
      8.8750       0.1418       0.0032
      9.1250       0.1427       0.0033
      9.3750       0.1443       0.0033
      9.6250       0.1449       0.0034
      9.8750       0.1468       0.0034
     10.1250       0.1487       0.0034
     10.3750       0.1500       0.0036
     10.6250       0.1515       0.0035
     10.8750       0.1542       0.0037
     11.1250       0.1571       0.0037
     11.3750       0.1602       0.0038
     11.6250       0.1626       0.0038
     11.8750       0.1657       0.0039
     12.1250       0.1699       0.0040
     12.3750       0.1738       0.0041
     12.6250       0.1772       0.0041
     12.8750       0.1811       0.0041
     13.1250       0.1848       0.0042
     13.3750       0.1898       0.0043
     13.6250       0.1937       0.0042
     13.8750       0.1981       0.0043
     14.1250       0.2021       0.0044
     14.3750       0.2067       0.0045
     14.6250       0.2106       0.0045
     14.8750       0.2133       0.0046
     15.1250       0.2181       0.0047
     15.3750       0.2213       0.0047
     15.6250       0.2251       0.0050
     15.8750       0.2278       0.0052
     16.1250       0.2302       0.0050
     16.3750       0.2324       0.0052
     16.6250       0.2348       0.0053
     16.8750       0.2369       0.0054
     17.1250       0.2374       0.0053
     17.3750       0.2382       0.0055
     17.6250       0.2386       0.0054
     17.8750       0.2384       0.0055
     18.1250       0.2383       0.0057
     18.3750       0.2367       0.0055
     18.6250       0.2353       0.0058
     18.8750       0.2337       0.0057
     19.1250       0.2309       0.0056
     19.3750       0.2273       0.0058
     19.6250       0.2252       0.0058
     19.8750       0.2213       0.0057
     20.1250       0.2166       0.0056
     20.3750       0.2118       0.0057
     20.6250       0.2067       0.0055
     20.8750       0.2003       0.0054
     21.1250       0.1936       0.0053
     21.3750       0.1873       0.0052
     21.6250       0.1799       0.0051
     21.8750       0.1727       0.0049
     22.1250       0.1648       0.0046
     22.3750       0.1567       0.0044
     22.6250       0.1489       0.0043
     22.8750       0.1406       0.0042
     23.1250       0.1319       0.0041
     23.3750       0.1240       0.0040
     23.6250       0.1158       0.0039
     23.8750       0.1073       0.0039
     24.1250       0.0996       0.0037
     24.3750       0.0922       0.0037
     24.6250       0.0842       0.0036
     24.8750       0.0770       0.0035
     25.1250       0.0702       0.0035
     25.3750       0.0636       0.0034
     25.6250       0.0574       0.0032
     25.8750       0.0514       0.0031
     26.1250       0.0462       0.0031
     26.3750       0.0411       0.0030
     26.6250       0.0365       0.0029
     26.8750       0.0323       0.0027
     27.1250       0.0284       0.0027
     27.3750       0.0247       0.0025
     27.6250       0.0217       0.0024
     27.8750       0.0187       0.0022
     28.1250       0.0161       0.0021
     28.3750       0.0140       0.0020
     28.6250       0.0118       0.0018
     28.8750       0.0102       0.0017
     29.1250       0.0086       0.0016
     29.3750       0.0072       0.0014
     29.6250       0.0060       0.0013
     29.8750       0.0051       0.0011
     30.1250       0.0042       0.0010
     30.3750       0.0035       0.0009
     30.6250       0.0028       0.0008
     30.8750       0.0023       0.0007
     31.1250       0.0018       0.0006
     31.3750       0.0015       0.0006
     31.6250       0.0012       0.0005
     31.8750       0.0010       0.0004
     32.1250       0.0008       0.0004
     32.3750       0.0006       0.0003
     32.6250       0.0005       0.0003
     32.8750       0.0004       0.0002
     33.1250       0.0003       0.0002
     33.3750       0.0002       0.0002
     33.6250       0.0002       0.0001
     33.8750       0.0001       0.0001
     34.1250       0.0001       0.0001
     34.3750       0.0001       0.0001
     34.6250       0.0000       0.0001
     34.8750       0.0000       0.0001
     35.1250       0.0000       0.0001
     35.3750       0.0000       0.0000
     35.6250       0.0000       0.0000
     35.8750       0.0000       0.0000
     36.1250       0.0000       0.0000
     36.3750       0.0000       0.0000
     36.6250       0.0000       0.0000
     36.8750       0.0000       0.0000
     37.1250       0.0000       0.0000
     37.3750       0.0000       0.0000
     37.6250       0.0000       0.0000
     37.8750       0.0000       0.0000
     38.1250       0.0000       0.0000
     38.3750       0.0000       0.0000
     38.6250       0.0000       0.0000
     38.8750       0.0000       0.0000
     39.1250       0.0000       0.0000
