#Z                :PC|:OL  sd(:PC|:OL)
    -39.1250       0.0000       0.0000
    -38.8750       0.0000       0.0000
    -38.6250       0.0000       0.0000
    -38.3750       0.0000       0.0000
    -38.1250       0.0000       0.0000
    -37.8750       0.0000       0.0000
    -37.6250       0.0000       0.0000
    -37.3750       0.0000       0.0000
    -37.1250       0.0000       0.0000
    -36.8750       0.0000       0.0000
    -36.6250       0.0000       0.0000
    -36.3750       0.0000       0.0000
    -36.1250       0.0000       0.0000
    -35.8750       0.0000       0.0000
    -35.6250       0.0000       0.0000
    -35.3750       0.0000       0.0000
    -35.1250       0.0000       0.0000
    -34.8750       0.0000       0.0000
    -34.6250       0.0000       0.0001
    -34.3750       0.0000       0.0001
    -34.1250       0.0001       0.0001
    -33.8750       0.0001       0.0001
    -33.6250       0.0001       0.0001
    -33.3750       0.0001       0.0001
    -33.1250       0.0002       0.0002
    -32.8750       0.0003       0.0002
    -32.6250       0.0003       0.0002
    -32.3750       0.0004       0.0002
    -32.1250       0.0006       0.0003
    -31.8750       0.0007       0.0003
    -31.6250       0.0009       0.0004
    -31.3750       0.0011       0.0004
    -31.1250       0.0014       0.0005
    -30.8750       0.0018       0.0006
    -30.6250       0.0023       0.0007
    -30.3750       0.0027       0.0007
    -30.1250       0.0033       0.0008
    -29.8750       0.0040       0.0009
    -29.6250       0.0049       0.0010
    -29.3750       0.0059       0.0011
    -29.1250       0.0070       0.0013
    -28.8750       0.0084       0.0014
    -28.6250       0.0100       0.0016
    -28.3750       0.0118       0.0017
    -28.1250       0.0137       0.0019
    -27.8750       0.0158       0.0020
    -27.6250       0.0186       0.0022
    -27.3750       0.0214       0.0024
    -27.1250       0.0245       0.0025
    -26.8750       0.0282       0.0027
    -26.6250       0.0319       0.0029
    -26.3750       0.0362       0.0031
    -26.1250       0.0406       0.0032
    -25.8750       0.0457       0.0033
    -25.6250       0.0511       0.0034
    -25.3750       0.0567       0.0036
    -25.1250       0.0629       0.0037
    -24.8750       0.0696       0.0039
    -24.6250       0.0764       0.0039
    -24.3750       0.0835       0.0040
    -24.1250       0.0912       0.0041
    -23.8750       0.0992       0.0042
    -23.6250       0.1070       0.0042
    -23.3750       0.1154       0.0043
    -23.1250       0.1232       0.0043
    -22.8750       0.1320       0.0044
    -22.6250       0.1406       0.0044
    -22.3750       0.1487       0.0045
    -22.1250       0.1572       0.0046
    -21.8750       0.1651       0.0046
    -21.6250       0.1730       0.0047
    -21.3750       0.1804       0.0049
    -21.1250       0.1873       0.0050
    -20.8750       0.1946       0.0051
    -20.6250       0.2009       0.0052
    -20.3750       0.2066       0.0053
    -20.1250       0.2119       0.0054
    -19.8750       0.2173       0.0056
    -19.6250       0.2226       0.0056
    -19.3750       0.2261       0.0057
    -19.1250       0.2301       0.0057
    -18.8750       0.2331       0.0056
    -18.6250       0.2353       0.0058
    -18.3750       0.2378       0.0057
    -18.1250       0.2401       0.0057
    -17.8750       0.2415       0.0058
    -17.6250       0.2419       0.0057
    -17.3750       0.2430       0.0056
    -17.1250       0.2433       0.0057
    -16.8750       0.2424       0.0055
    -16.6250       0.2418       0.0055
    -16.3750       0.2406       0.0055
    -16.1250       0.2388       0.0054
    -15.8750       0.2367       0.0054
    -15.6250       0.2343       0.0054
    -15.3750       0.2313       0.0052
    -15.1250       0.2283       0.0052
    -14.8750       0.2250       0.0052
    -14.6250       0.2214       0.0051
    -14.3750       0.2179       0.0049
    -14.1250       0.2138       0.0048
    -13.8750       0.2094       0.0047
    -13.6250       0.2059       0.0045
    -13.3750       0.2021       0.0045
    -13.1250       0.1979       0.0044
    -12.8750       0.1934       0.0043
    -12.6250       0.1896       0.0042
    -12.3750       0.1856       0.0041
    -12.1250       0.1820       0.0040
    -11.8750       0.1780       0.0040
    -11.6250       0.1749       0.0039
    -11.3750       0.1713       0.0038
    -11.1250       0.1686       0.0039
    -10.8750       0.1654       0.0038
    -10.6250       0.1624       0.0037
    -10.3750       0.1603       0.0037
    -10.1250       0.1580       0.0037
     -9.8750       0.1555       0.0036
     -9.6250       0.1537       0.0035
     -9.3750       0.1523       0.0035
     -9.1250       0.1502       0.0034
     -8.8750       0.1491       0.0033
     -8.6250       0.1474       0.0033
     -8.3750       0.1461       0.0033
     -8.1250       0.1451       0.0033
     -7.8750       0.1438       0.0032
     -7.6250       0.1426       0.0031
     -7.3750       0.1421       0.0031
     -7.1250       0.1409       0.0031
     -6.8750       0.1402       0.0030
     -6.6250       0.1393       0.0032
     -6.3750       0.1381       0.0031
     -6.1250       0.1375       0.0031
     -5.8750       0.1369       0.0031
     -5.6250       0.1356       0.0030
     -5.3750       0.1347       0.0030
     -5.1250       0.1338       0.0030
     -4.8750       0.1329       0.0030
     -4.6250       0.1318       0.0030
     -4.3750       0.1310       0.0030
     -4.1250       0.1297       0.0030
     -3.8750       0.1286       0.0029
     -3.6250       0.1275       0.0029
     -3.3750       0.1267       0.0029
     -3.1250       0.1254       0.0029
     -2.8750       0.1243       0.0029
     -2.6250       0.1235       0.0029
     -2.3750       0.1223       0.0029
     -2.1250       0.1212       0.0029
     -1.8750       0.1205       0.0029
     -1.6250       0.1197       0.0029
     -1.3750       0.1188       0.0029
     -1.1250       0.1181       0.0029
     -0.8750       0.1177       0.0029
     -0.6250       0.1173       0.0029
     -0.3750       0.1168       0.0029
     -0.1250       0.1165       0.0029
      0.1250       0.1164       0.0029
      0.3750       0.1167       0.0029
      0.6250       0.1164       0.0029
      0.8750       0.1167       0.0029
      1.1250       0.1172       0.0029
      1.3750       0.1179       0.0029
      1.6250       0.1182       0.0029
      1.8750       0.1189       0.0029
      2.1250       0.1197       0.0029
      2.3750       0.1202       0.0029
      2.6250       0.1214       0.0029
      2.8750       0.1219       0.0029
      3.1250       0.1229       0.0029
      3.3750       0.1244       0.0029
      3.6250       0.1250       0.0029
      3.8750       0.1262       0.0029
      4.1250       0.1268       0.0029
      4.3750       0.1276       0.0030
      4.6250       0.1288       0.0029
      4.8750       0.1299       0.0030
      5.1250       0.1308       0.0030
      5.3750       0.1315       0.0031
      5.6250       0.1320       0.0030
      5.8750       0.1332       0.0030
      6.1250       0.1344       0.0031
      6.3750       0.1342       0.0031
      6.6250       0.1353       0.0031
      6.8750       0.1360       0.0031
      7.1250       0.1362       0.0030
      7.3750       0.1372       0.0031
      7.6250       0.1378       0.0032
      7.8750       0.1390       0.0031
      8.1250       0.1396       0.0032
      8.3750       0.1407       0.0032
      8.6250       0.1417       0.0032
      8.8750       0.1428       0.0033
      9.1250       0.1439       0.0033
      9.3750       0.1458       0.0035
      9.6250       0.1469       0.0034
      9.8750       0.1483       0.0035
     10.1250       0.1504       0.0035
     10.3750       0.1525       0.0036
     10.6250       0.1546       0.0036
     10.8750       0.1574       0.0037
     11.1250       0.1594       0.0037
     11.3750       0.1624       0.0038
     11.6250       0.1657       0.0038
     11.8750       0.1687       0.0039
     12.1250       0.1724       0.0039
     12.3750       0.1756       0.0039
     12.6250       0.1798       0.0040
     12.8750       0.1832       0.0040
     13.1250       0.1875       0.0041
     13.3750       0.1917       0.0042
     13.6250       0.1958       0.0043
     13.8750       0.1998       0.0043
     14.1250       0.2040       0.0044
     14.3750       0.2080       0.0045
     14.6250       0.2117       0.0046
     14.8750       0.2150       0.0047
     15.1250       0.2185       0.0047
     15.3750       0.2219       0.0048
     15.6250       0.2249       0.0050
     15.8750       0.2273       0.0050
     16.1250       0.2299       0.0052
     16.3750       0.2321       0.0053
     16.6250       0.2330       0.0052
     16.8750       0.2345       0.0053
     17.1250       0.2352       0.0055
     17.3750       0.2357       0.0055
     17.6250       0.2361       0.0055
     17.8750       0.2357       0.0057
     18.1250       0.2351       0.0055
     18.3750       0.2341       0.0057
     18.6250       0.2321       0.0057
     18.8750       0.2296       0.0058
     19.1250       0.2273       0.0057
     19.3750       0.2245       0.0058
     19.6250       0.2204       0.0056
     19.8750       0.2173       0.0058
     20.1250       0.2123       0.0057
     20.3750       0.2075       0.0055
     20.6250       0.2014       0.0055
     20.8750       0.1955       0.0053
     21.1250       0.1884       0.0052
     21.3750       0.1824       0.0051
     21.6250       0.1755       0.0049
     21.8750       0.1676       0.0046
     22.1250       0.1601       0.0046
     22.3750       0.1527       0.0045
     22.6250       0.1450       0.0044
     22.8750       0.1373       0.0043
     23.1250       0.1294       0.0041
     23.3750       0.1212       0.0040
     23.6250       0.1136       0.0039
     23.8750       0.1060       0.0039
     24.1250       0.0986       0.0038
     24.3750       0.0910       0.0037
     24.6250       0.0841       0.0037
     24.8750       0.0776       0.0037
     25.1250       0.0711       0.0036
     25.3750       0.0645       0.0036
     25.6250       0.0585       0.0035
     25.8750       0.0532       0.0034
     26.1250       0.0479       0.0032
     26.3750       0.0429       0.0031
     26.6250       0.0387       0.0030
     26.8750       0.0344       0.0030
     27.1250       0.0305       0.0029
     27.3750       0.0270       0.0027
     27.6250       0.0237       0.0026
     27.8750       0.0209       0.0025
     28.1250       0.0182       0.0023
     28.3750       0.0159       0.0022
     28.6250       0.0138       0.0020
     28.8750       0.0118       0.0019
     29.1250       0.0104       0.0018
     29.3750       0.0088       0.0016
     29.6250       0.0075       0.0015
     29.8750       0.0064       0.0014
     30.1250       0.0054       0.0013
     30.3750       0.0045       0.0011
     30.6250       0.0039       0.0011
     30.8750       0.0032       0.0009
     31.1250       0.0028       0.0009
     31.3750       0.0023       0.0008
     31.6250       0.0019       0.0007
     31.8750       0.0016       0.0006
     32.1250       0.0013       0.0006
     32.3750       0.0011       0.0005
     32.6250       0.0009       0.0005
     32.8750       0.0007       0.0004
     33.1250       0.0006       0.0004
     33.3750       0.0005       0.0003
     33.6250       0.0004       0.0003
     33.8750       0.0004       0.0003
     34.1250       0.0003       0.0002
     34.3750       0.0002       0.0002
     34.6250       0.0002       0.0002
     34.8750       0.0002       0.0002
     35.1250       0.0001       0.0002
     35.3750       0.0001       0.0001
     35.6250       0.0001       0.0001
     35.8750       0.0001       0.0001
     36.1250       0.0001       0.0001
     36.3750       0.0000       0.0001
     36.6250       0.0000       0.0001
     36.8750       0.0000       0.0001
     37.1250       0.0000       0.0001
     37.3750       0.0000       0.0000
     37.6250       0.0000       0.0000
     37.8750       0.0000       0.0000
     38.1250       0.0000       0.0000
     38.3750       0.0000       0.0000
     38.6250       0.0000       0.0000
     38.8750       0.0000       0.0000
     39.1250       0.0000       0.0000
     39.3750       0.0000       0.0000
     39.6250       0.0000       0.0000
     39.8750       0.0000       0.0000
     40.1250       0.0000       0.0000
     40.3750       0.0000       0.0000
     40.6250       0.0000       0.0000
     40.8750       0.0000       0.0000
