#Z                :PC|:OL  sd(:PC|:OL)
    -39.6250       0.0000       0.0000
    -39.3750       0.0000       0.0000
    -39.1250       0.0000       0.0000
    -38.8750       0.0000       0.0000
    -38.6250       0.0000       0.0000
    -38.3750       0.0000       0.0000
    -38.1250       0.0000       0.0000
    -37.8750       0.0000       0.0000
    -37.6250       0.0000       0.0000
    -37.3750       0.0000       0.0000
    -37.1250       0.0000       0.0000
    -36.8750       0.0000       0.0000
    -36.6250       0.0000       0.0000
    -36.3750       0.0000       0.0000
    -36.1250       0.0000       0.0000
    -35.8750       0.0000       0.0000
    -35.6250       0.0000       0.0000
    -35.3750       0.0000       0.0001
    -35.1250       0.0000       0.0001
    -34.8750       0.0001       0.0001
    -34.6250       0.0001       0.0001
    -34.3750       0.0001       0.0001
    -34.1250       0.0001       0.0001
    -33.8750       0.0001       0.0001
    -33.6250       0.0002       0.0002
    -33.3750       0.0002       0.0002
    -33.1250       0.0003       0.0002
    -32.8750       0.0004       0.0003
    -32.6250       0.0005       0.0003
    -32.3750       0.0006       0.0004
    -32.1250       0.0008       0.0004
    -31.8750       0.0010       0.0005
    -31.6250       0.0013       0.0006
    -31.3750       0.0015       0.0006
    -31.1250       0.0019       0.0007
    -30.8750       0.0023       0.0008
    -30.6250       0.0029       0.0009
    -30.3750       0.0034       0.0010
    -30.1250       0.0042       0.0011
    -29.8750       0.0050       0.0012
    -29.6250       0.0060       0.0014
    -29.3750       0.0070       0.0015
    -29.1250       0.0084       0.0017
    -28.8750       0.0099       0.0018
    -28.6250       0.0116       0.0020
    -28.3750       0.0136       0.0021
    -28.1250       0.0157       0.0023
    -27.8750       0.0182       0.0024
    -27.6250       0.0210       0.0027
    -27.3750       0.0241       0.0028
    -27.1250       0.0275       0.0029
    -26.8750       0.0312       0.0031
    -26.6250       0.0353       0.0033
    -26.3750       0.0397       0.0034
    -26.1250       0.0446       0.0035
    -25.8750       0.0499       0.0036
    -25.6250       0.0553       0.0037
    -25.3750       0.0613       0.0038
    -25.1250       0.0678       0.0038
    -24.8750       0.0738       0.0039
    -24.6250       0.0810       0.0040
    -24.3750       0.0881       0.0040
    -24.1250       0.0954       0.0041
    -23.8750       0.1033       0.0042
    -23.6250       0.1108       0.0041
    -23.3750       0.1190       0.0043
    -23.1250       0.1270       0.0043
    -22.8750       0.1354       0.0043
    -22.6250       0.1431       0.0044
    -22.3750       0.1512       0.0044
    -22.1250       0.1588       0.0046
    -21.8750       0.1662       0.0047
    -21.6250       0.1734       0.0047
    -21.3750       0.1809       0.0049
    -21.1250       0.1867       0.0050
    -20.8750       0.1935       0.0052
    -20.6250       0.1998       0.0053
    -20.3750       0.2054       0.0055
    -20.1250       0.2103       0.0054
    -19.8750       0.2152       0.0056
    -19.6250       0.2192       0.0055
    -19.3750       0.2234       0.0057
    -19.1250       0.2269       0.0057
    -18.8750       0.2299       0.0058
    -18.6250       0.2326       0.0058
    -18.3750       0.2343       0.0058
    -18.1250       0.2361       0.0059
    -17.8750       0.2372       0.0060
    -17.6250       0.2377       0.0058
    -17.3750       0.2377       0.0059
    -17.1250       0.2385       0.0059
    -16.8750       0.2381       0.0058
    -16.6250       0.2370       0.0058
    -16.3750       0.2358       0.0057
    -16.1250       0.2345       0.0057
    -15.8750       0.2325       0.0056
    -15.6250       0.2305       0.0054
    -15.3750       0.2277       0.0052
    -15.1250       0.2248       0.0052
    -14.8750       0.2217       0.0051
    -14.6250       0.2185       0.0050
    -14.3750       0.2149       0.0048
    -14.1250       0.2114       0.0047
    -13.8750       0.2073       0.0046
    -13.6250       0.2038       0.0045
    -13.3750       0.1998       0.0044
    -13.1250       0.1958       0.0043
    -12.8750       0.1925       0.0042
    -12.6250       0.1887       0.0041
    -12.3750       0.1849       0.0040
    -12.1250       0.1815       0.0040
    -11.8750       0.1782       0.0040
    -11.6250       0.1750       0.0039
    -11.3750       0.1717       0.0038
    -11.1250       0.1687       0.0038
    -10.8750       0.1658       0.0037
    -10.6250       0.1637       0.0037
    -10.3750       0.1612       0.0037
    -10.1250       0.1591       0.0036
     -9.8750       0.1566       0.0036
     -9.6250       0.1549       0.0035
     -9.3750       0.1528       0.0035
     -9.1250       0.1512       0.0034
     -8.8750       0.1496       0.0034
     -8.6250       0.1483       0.0034
     -8.3750       0.1469       0.0033
     -8.1250       0.1457       0.0032
     -7.8750       0.1444       0.0032
     -7.6250       0.1433       0.0032
     -7.3750       0.1422       0.0032
     -7.1250       0.1412       0.0032
     -6.8750       0.1399       0.0031
     -6.6250       0.1389       0.0031
     -6.3750       0.1384       0.0031
     -6.1250       0.1371       0.0031
     -5.8750       0.1363       0.0031
     -5.6250       0.1353       0.0030
     -5.3750       0.1344       0.0031
     -5.1250       0.1332       0.0030
     -4.8750       0.1326       0.0030
     -4.6250       0.1315       0.0030
     -4.3750       0.1305       0.0030
     -4.1250       0.1294       0.0030
     -3.8750       0.1285       0.0029
     -3.6250       0.1276       0.0029
     -3.3750       0.1264       0.0029
     -3.1250       0.1255       0.0029
     -2.8750       0.1246       0.0030
     -2.6250       0.1235       0.0029
     -2.3750       0.1226       0.0029
     -2.1250       0.1217       0.0029
     -1.8750       0.1208       0.0029
     -1.6250       0.1202       0.0029
     -1.3750       0.1196       0.0029
     -1.1250       0.1193       0.0029
     -0.8750       0.1188       0.0028
     -0.6250       0.1186       0.0029
     -0.3750       0.1182       0.0029
     -0.1250       0.1182       0.0029
      0.1250       0.1183       0.0029
      0.3750       0.1183       0.0029
      0.6250       0.1185       0.0029
      0.8750       0.1188       0.0029
      1.1250       0.1190       0.0029
      1.3750       0.1195       0.0029
      1.6250       0.1203       0.0029
      1.8750       0.1208       0.0029
      2.1250       0.1214       0.0029
      2.3750       0.1220       0.0029
      2.6250       0.1229       0.0029
      2.8750       0.1235       0.0029
      3.1250       0.1245       0.0029
      3.3750       0.1255       0.0029
      3.6250       0.1264       0.0029
      3.8750       0.1270       0.0030
      4.1250       0.1278       0.0029
      4.3750       0.1289       0.0030
      4.6250       0.1297       0.0030
      4.8750       0.1304       0.0030
      5.1250       0.1313       0.0030
      5.3750       0.1321       0.0030
      5.6250       0.1330       0.0030
      5.8750       0.1337       0.0030
      6.1250       0.1341       0.0030
      6.3750       0.1350       0.0030
      6.6250       0.1359       0.0030
      6.8750       0.1366       0.0031
      7.1250       0.1375       0.0031
      7.3750       0.1379       0.0031
      7.6250       0.1390       0.0031
      7.8750       0.1399       0.0031
      8.1250       0.1408       0.0031
      8.3750       0.1416       0.0031
      8.6250       0.1427       0.0032
      8.8750       0.1441       0.0033
      9.1250       0.1453       0.0033
      9.3750       0.1464       0.0033
      9.6250       0.1486       0.0034
      9.8750       0.1500       0.0034
     10.1250       0.1519       0.0035
     10.3750       0.1538       0.0035
     10.6250       0.1562       0.0036
     10.8750       0.1588       0.0037
     11.1250       0.1615       0.0037
     11.3750       0.1644       0.0038
     11.6250       0.1673       0.0038
     11.8750       0.1710       0.0039
     12.1250       0.1745       0.0040
     12.3750       0.1780       0.0040
     12.6250       0.1813       0.0040
     12.8750       0.1851       0.0041
     13.1250       0.1889       0.0042
     13.3750       0.1930       0.0042
     13.6250       0.1965       0.0044
     13.8750       0.2007       0.0044
     14.1250       0.2045       0.0045
     14.3750       0.2083       0.0045
     14.6250       0.2118       0.0047
     14.8750       0.2151       0.0048
     15.1250       0.2186       0.0048
     15.3750       0.2205       0.0049
     15.6250       0.2242       0.0050
     15.8750       0.2264       0.0051
     16.1250       0.2285       0.0052
     16.3750       0.2304       0.0053
     16.6250       0.2318       0.0054
     16.8750       0.2330       0.0054
     17.1250       0.2339       0.0056
     17.3750       0.2337       0.0056
     17.6250       0.2341       0.0057
     17.8750       0.2341       0.0058
     18.1250       0.2334       0.0058
     18.3750       0.2320       0.0059
     18.6250       0.2296       0.0059
     18.8750       0.2277       0.0059
     19.1250       0.2253       0.0059
     19.3750       0.2227       0.0059
     19.6250       0.2188       0.0059
     19.8750       0.2144       0.0058
     20.1250       0.2104       0.0058
     20.3750       0.2054       0.0056
     20.6250       0.1997       0.0054
     20.8750       0.1935       0.0053
     21.1250       0.1870       0.0052
     21.3750       0.1804       0.0051
     21.6250       0.1732       0.0048
     21.8750       0.1661       0.0047
     22.1250       0.1586       0.0046
     22.3750       0.1511       0.0045
     22.6250       0.1430       0.0043
     22.8750       0.1354       0.0042
     23.1250       0.1280       0.0041
     23.3750       0.1200       0.0041
     23.6250       0.1124       0.0039
     23.8750       0.1054       0.0040
     24.1250       0.0983       0.0039
     24.3750       0.0912       0.0038
     24.6250       0.0845       0.0038
     24.8750       0.0777       0.0037
     25.1250       0.0719       0.0036
     25.3750       0.0661       0.0036
     25.6250       0.0603       0.0035
     25.8750       0.0550       0.0035
     26.1250       0.0502       0.0034
     26.3750       0.0454       0.0033
     26.6250       0.0412       0.0032
     26.8750       0.0372       0.0031
     27.1250       0.0332       0.0030
     27.3750       0.0299       0.0029
     27.6250       0.0267       0.0028
     27.8750       0.0237       0.0027
     28.1250       0.0211       0.0025
     28.3750       0.0185       0.0024
     28.6250       0.0164       0.0023
     28.8750       0.0143       0.0021
     29.1250       0.0126       0.0020
     29.3750       0.0110       0.0019
     29.6250       0.0096       0.0018
     29.8750       0.0082       0.0016
     30.1250       0.0071       0.0015
     30.3750       0.0061       0.0014
     30.6250       0.0052       0.0013
     30.8750       0.0044       0.0011
     31.1250       0.0037       0.0010
     31.3750       0.0031       0.0009
     31.6250       0.0027       0.0008
     31.8750       0.0022       0.0007
     32.1250       0.0018       0.0007
     32.3750       0.0015       0.0006
     32.6250       0.0013       0.0005
     32.8750       0.0010       0.0004
     33.1250       0.0008       0.0004
     33.3750       0.0007       0.0004
     33.6250       0.0005       0.0003
     33.8750       0.0005       0.0003
     34.1250       0.0004       0.0002
     34.3750       0.0003       0.0002
     34.6250       0.0002       0.0002
     34.8750       0.0002       0.0002
     35.1250       0.0001       0.0001
     35.3750       0.0001       0.0001
     35.6250       0.0001       0.0001
     35.8750       0.0001       0.0001
     36.1250       0.0001       0.0001
     36.3750       0.0000       0.0001
     36.6250       0.0000       0.0001
     36.8750       0.0000       0.0001
     37.1250       0.0000       0.0000
     37.3750       0.0000       0.0000
     37.6250       0.0000       0.0000
     37.8750       0.0000       0.0000
     38.1250       0.0000       0.0000
     38.3750       0.0000       0.0000
     38.6250       0.0000       0.0000
     38.8750       0.0000       0.0000
     39.1250       0.0000       0.0000
     39.3750       0.0000       0.0000
     39.6250       0.0000       0.0000
     39.8750       0.0000       0.0000
     40.1250       0.0000       0.0000
     40.3750       0.0000       0.0000
     40.6250       0.0000       0.0000
     40.8750       0.0000       0.0000
     41.1250       0.0000       0.0000
