#Z                :PC|:OL  sd(:PC|:OL)
    -39.1250       0.0000       0.0000
    -38.8750       0.0000       0.0000
    -38.6250       0.0000       0.0000
    -38.3750       0.0000       0.0000
    -38.1250       0.0000       0.0000
    -37.8750       0.0000       0.0000
    -37.6250       0.0000       0.0000
    -37.3750       0.0000       0.0000
    -37.1250       0.0000       0.0000
    -36.8750       0.0000       0.0000
    -36.6250       0.0000       0.0000
    -36.3750       0.0000       0.0000
    -36.1250       0.0000       0.0000
    -35.8750       0.0000       0.0000
    -35.6250       0.0000       0.0000
    -35.3750       0.0000       0.0000
    -35.1250       0.0000       0.0001
    -34.8750       0.0000       0.0001
    -34.6250       0.0000       0.0001
    -34.3750       0.0001       0.0001
    -34.1250       0.0001       0.0001
    -33.8750       0.0001       0.0001
    -33.6250       0.0002       0.0002
    -33.3750       0.0002       0.0002
    -33.1250       0.0002       0.0002
    -32.8750       0.0003       0.0002
    -32.6250       0.0004       0.0003
    -32.3750       0.0005       0.0003
    -32.1250       0.0007       0.0004
    -31.8750       0.0008       0.0004
    -31.6250       0.0010       0.0005
    -31.3750       0.0013       0.0006
    -31.1250       0.0016       0.0007
    -30.8750       0.0019       0.0007
    -30.6250       0.0024       0.0008
    -30.3750       0.0028       0.0009
    -30.1250       0.0035       0.0010
    -29.8750       0.0042       0.0011
    -29.6250       0.0051       0.0013
    -29.3750       0.0060       0.0014
    -29.1250       0.0072       0.0015
    -28.8750       0.0087       0.0017
    -28.6250       0.0101       0.0018
    -28.3750       0.0119       0.0019
    -28.1250       0.0139       0.0021
    -27.8750       0.0159       0.0022
    -27.6250       0.0186       0.0024
    -27.3750       0.0213       0.0025
    -27.1250       0.0245       0.0026
    -26.8750       0.0281       0.0027
    -26.6250       0.0318       0.0029
    -26.3750       0.0361       0.0030
    -26.1250       0.0407       0.0031
    -25.8750       0.0454       0.0032
    -25.6250       0.0507       0.0032
    -25.3750       0.0563       0.0033
    -25.1250       0.0624       0.0034
    -24.8750       0.0686       0.0035
    -24.6250       0.0755       0.0035
    -24.3750       0.0826       0.0036
    -24.1250       0.0901       0.0036
    -23.8750       0.0976       0.0037
    -23.6250       0.1058       0.0038
    -23.3750       0.1140       0.0038
    -23.1250       0.1225       0.0039
    -22.8750       0.1310       0.0040
    -22.6250       0.1398       0.0043
    -22.3750       0.1487       0.0044
    -22.1250       0.1571       0.0046
    -21.8750       0.1655       0.0047
    -21.6250       0.1741       0.0049
    -21.3750       0.1820       0.0049
    -21.1250       0.1899       0.0051
    -20.8750       0.1964       0.0052
    -20.6250       0.2037       0.0054
    -20.3750       0.2100       0.0055
    -20.1250       0.2158       0.0055
    -19.8750       0.2210       0.0056
    -19.6250       0.2259       0.0058
    -19.3750       0.2300       0.0057
    -19.1250       0.2332       0.0058
    -18.8750       0.2362       0.0059
    -18.6250       0.2383       0.0057
    -18.3750       0.2404       0.0059
    -18.1250       0.2418       0.0058
    -17.8750       0.2435       0.0056
    -17.6250       0.2438       0.0056
    -17.3750       0.2448       0.0056
    -17.1250       0.2443       0.0056
    -16.8750       0.2432       0.0054
    -16.6250       0.2428       0.0053
    -16.3750       0.2410       0.0052
    -16.1250       0.2400       0.0051
    -15.8750       0.2381       0.0051
    -15.6250       0.2354       0.0050
    -15.3750       0.2331       0.0050
    -15.1250       0.2300       0.0049
    -14.8750       0.2263       0.0047
    -14.6250       0.2228       0.0047
    -14.3750       0.2185       0.0046
    -14.1250       0.2144       0.0044
    -13.8750       0.2104       0.0044
    -13.6250       0.2061       0.0044
    -13.3750       0.2015       0.0043
    -13.1250       0.1970       0.0042
    -12.8750       0.1927       0.0042
    -12.6250       0.1884       0.0041
    -12.3750       0.1841       0.0040
    -12.1250       0.1801       0.0041
    -11.8750       0.1764       0.0041
    -11.6250       0.1726       0.0039
    -11.3750       0.1696       0.0038
    -11.1250       0.1663       0.0038
    -10.8750       0.1635       0.0037
    -10.6250       0.1613       0.0037
    -10.3750       0.1589       0.0037
    -10.1250       0.1566       0.0036
     -9.8750       0.1544       0.0035
     -9.6250       0.1527       0.0035
     -9.3750       0.1512       0.0035
     -9.1250       0.1493       0.0034
     -8.8750       0.1481       0.0033
     -8.6250       0.1466       0.0033
     -8.3750       0.1453       0.0032
     -8.1250       0.1443       0.0032
     -7.8750       0.1433       0.0032
     -7.6250       0.1422       0.0032
     -7.3750       0.1416       0.0031
     -7.1250       0.1406       0.0031
     -6.8750       0.1400       0.0031
     -6.6250       0.1390       0.0031
     -6.3750       0.1385       0.0031
     -6.1250       0.1373       0.0031
     -5.8750       0.1366       0.0030
     -5.6250       0.1364       0.0031
     -5.3750       0.1352       0.0030
     -5.1250       0.1343       0.0030
     -4.8750       0.1337       0.0031
     -4.6250       0.1327       0.0030
     -4.3750       0.1317       0.0030
     -4.1250       0.1303       0.0030
     -3.8750       0.1296       0.0030
     -3.6250       0.1284       0.0029
     -3.3750       0.1272       0.0029
     -3.1250       0.1262       0.0030
     -2.8750       0.1251       0.0029
     -2.6250       0.1236       0.0029
     -2.3750       0.1228       0.0029
     -2.1250       0.1218       0.0029
     -1.8750       0.1207       0.0028
     -1.6250       0.1200       0.0029
     -1.3750       0.1192       0.0029
     -1.1250       0.1185       0.0028
     -0.8750       0.1177       0.0029
     -0.6250       0.1174       0.0029
     -0.3750       0.1169       0.0029
     -0.1250       0.1164       0.0029
      0.1250       0.1165       0.0028
      0.3750       0.1160       0.0028
      0.6250       0.1162       0.0029
      0.8750       0.1165       0.0028
      1.1250       0.1173       0.0028
      1.3750       0.1172       0.0029
      1.6250       0.1181       0.0029
      1.8750       0.1187       0.0028
      2.1250       0.1192       0.0029
      2.3750       0.1202       0.0029
      2.6250       0.1211       0.0029
      2.8750       0.1219       0.0029
      3.1250       0.1231       0.0028
      3.3750       0.1240       0.0029
      3.6250       0.1250       0.0029
      3.8750       0.1259       0.0029
      4.1250       0.1267       0.0029
      4.3750       0.1280       0.0029
      4.6250       0.1290       0.0029
      4.8750       0.1299       0.0030
      5.1250       0.1307       0.0030
      5.3750       0.1312       0.0030
      5.6250       0.1325       0.0031
      5.8750       0.1332       0.0030
      6.1250       0.1342       0.0030
      6.3750       0.1353       0.0030
      6.6250       0.1355       0.0031
      6.8750       0.1361       0.0030
      7.1250       0.1370       0.0031
      7.3750       0.1377       0.0031
      7.6250       0.1384       0.0031
      7.8750       0.1397       0.0032
      8.1250       0.1401       0.0031
      8.3750       0.1409       0.0032
      8.6250       0.1418       0.0033
      8.8750       0.1431       0.0033
      9.1250       0.1439       0.0033
      9.3750       0.1453       0.0033
      9.6250       0.1465       0.0034
      9.8750       0.1483       0.0035
     10.1250       0.1502       0.0035
     10.3750       0.1518       0.0036
     10.6250       0.1540       0.0036
     10.8750       0.1565       0.0037
     11.1250       0.1588       0.0038
     11.3750       0.1616       0.0037
     11.6250       0.1640       0.0038
     11.8750       0.1673       0.0038
     12.1250       0.1711       0.0039
     12.3750       0.1744       0.0039
     12.6250       0.1775       0.0040
     12.8750       0.1814       0.0041
     13.1250       0.1854       0.0041
     13.3750       0.1894       0.0042
     13.6250       0.1931       0.0042
     13.8750       0.1974       0.0043
     14.1250       0.2015       0.0045
     14.3750       0.2055       0.0044
     14.6250       0.2089       0.0046
     14.8750       0.2133       0.0047
     15.1250       0.2170       0.0048
     15.3750       0.2203       0.0048
     15.6250       0.2234       0.0050
     15.8750       0.2267       0.0050
     16.1250       0.2293       0.0051
     16.3750       0.2324       0.0052
     16.6250       0.2340       0.0054
     16.8750       0.2359       0.0053
     17.1250       0.2368       0.0054
     17.3750       0.2375       0.0054
     17.6250       0.2376       0.0055
     17.8750       0.2381       0.0055
     18.1250       0.2374       0.0056
     18.3750       0.2362       0.0056
     18.6250       0.2347       0.0055
     18.8750       0.2322       0.0057
     19.1250       0.2298       0.0057
     19.3750       0.2272       0.0056
     19.6250       0.2237       0.0056
     19.8750       0.2192       0.0055
     20.1250       0.2154       0.0055
     20.3750       0.2108       0.0055
     20.6250       0.2046       0.0054
     20.8750       0.1987       0.0054
     21.1250       0.1931       0.0053
     21.3750       0.1869       0.0051
     21.6250       0.1795       0.0050
     21.8750       0.1727       0.0049
     22.1250       0.1645       0.0047
     22.3750       0.1578       0.0047
     22.6250       0.1490       0.0045
     22.8750       0.1415       0.0043
     23.1250       0.1332       0.0042
     23.3750       0.1249       0.0041
     23.6250       0.1167       0.0040
     23.8750       0.1088       0.0039
     24.1250       0.1009       0.0039
     24.3750       0.0931       0.0038
     24.6250       0.0858       0.0038
     24.8750       0.0786       0.0037
     25.1250       0.0715       0.0036
     25.3750       0.0649       0.0035
     25.6250       0.0587       0.0034
     25.8750       0.0530       0.0032
     26.1250       0.0475       0.0032
     26.3750       0.0424       0.0030
     26.6250       0.0376       0.0029
     26.8750       0.0333       0.0028
     27.1250       0.0294       0.0027
     27.3750       0.0257       0.0025
     27.6250       0.0225       0.0024
     27.8750       0.0194       0.0022
     28.1250       0.0169       0.0021
     28.3750       0.0144       0.0019
     28.6250       0.0122       0.0018
     28.8750       0.0105       0.0016
     29.1250       0.0088       0.0015
     29.3750       0.0074       0.0014
     29.6250       0.0062       0.0012
     29.8750       0.0051       0.0011
     30.1250       0.0042       0.0010
     30.3750       0.0036       0.0009
     30.6250       0.0028       0.0008
     30.8750       0.0023       0.0007
     31.1250       0.0018       0.0006
     31.3750       0.0015       0.0005
     31.6250       0.0011       0.0005
     31.8750       0.0009       0.0004
     32.1250       0.0007       0.0004
     32.3750       0.0005       0.0003
     32.6250       0.0004       0.0003
     32.8750       0.0003       0.0002
     33.1250       0.0002       0.0002
     33.3750       0.0002       0.0002
     33.6250       0.0001       0.0001
     33.8750       0.0001       0.0001
     34.1250       0.0001       0.0001
     34.3750       0.0001       0.0001
     34.6250       0.0000       0.0001
     34.8750       0.0000       0.0001
     35.1250       0.0000       0.0000
     35.3750       0.0000       0.0000
     35.6250       0.0000       0.0000
     35.8750       0.0000       0.0000
     36.1250       0.0000       0.0000
     36.3750       0.0000       0.0000
     36.6250       0.0000       0.0000
     36.8750       0.0000       0.0000
     37.1250       0.0000       0.0000
     37.3750       0.0000       0.0000
     37.6250       0.0000       0.0000
     37.8750       0.0000       0.0000
     38.1250       0.0000       0.0000
     38.3750       0.0000       0.0000
