#Z                :PC|:OL  sd(:PC|:OL)
    -39.6250       0.0000       0.0000
    -39.3750       0.0000       0.0000
    -39.1250       0.0000       0.0000
    -38.8750       0.0000       0.0000
    -38.6250       0.0000       0.0000
    -38.3750       0.0000       0.0000
    -38.1250       0.0000       0.0000
    -37.8750       0.0000       0.0000
    -37.6250       0.0000       0.0000
    -37.3750       0.0000       0.0000
    -37.1250       0.0000       0.0000
    -36.8750       0.0000       0.0000
    -36.6250       0.0000       0.0000
    -36.3750       0.0000       0.0000
    -36.1250       0.0000       0.0000
    -35.8750       0.0000       0.0000
    -35.6250       0.0000       0.0001
    -35.3750       0.0000       0.0001
    -35.1250       0.0000       0.0001
    -34.8750       0.0001       0.0001
    -34.6250       0.0001       0.0001
    -34.3750       0.0001       0.0001
    -34.1250       0.0001       0.0001
    -33.8750       0.0002       0.0002
    -33.6250       0.0002       0.0002
    -33.3750       0.0003       0.0002
    -33.1250       0.0003       0.0002
    -32.8750       0.0004       0.0003
    -32.6250       0.0005       0.0003
    -32.3750       0.0006       0.0003
    -32.1250       0.0008       0.0004
    -31.8750       0.0010       0.0004
    -31.6250       0.0013       0.0005
    -31.3750       0.0015       0.0006
    -31.1250       0.0018       0.0006
    -30.8750       0.0023       0.0007
    -30.6250       0.0027       0.0008
    -30.3750       0.0033       0.0009
    -30.1250       0.0040       0.0010
    -29.8750       0.0047       0.0011
    -29.6250       0.0056       0.0012
    -29.3750       0.0067       0.0013
    -29.1250       0.0080       0.0014
    -28.8750       0.0093       0.0016
    -28.6250       0.0108       0.0017
    -28.3750       0.0125       0.0018
    -28.1250       0.0147       0.0020
    -27.8750       0.0169       0.0022
    -27.6250       0.0193       0.0023
    -27.3750       0.0222       0.0024
    -27.1250       0.0255       0.0026
    -26.8750       0.0293       0.0028
    -26.6250       0.0331       0.0030
    -26.3750       0.0372       0.0030
    -26.1250       0.0418       0.0032
    -25.8750       0.0467       0.0033
    -25.6250       0.0523       0.0034
    -25.3750       0.0573       0.0036
    -25.1250       0.0638       0.0036
    -24.8750       0.0700       0.0037
    -24.6250       0.0770       0.0037
    -24.3750       0.0840       0.0039
    -24.1250       0.0912       0.0039
    -23.8750       0.0985       0.0039
    -23.6250       0.1065       0.0039
    -23.3750       0.1150       0.0040
    -23.1250       0.1232       0.0041
    -22.8750       0.1309       0.0041
    -22.6250       0.1390       0.0041
    -22.3750       0.1475       0.0043
    -22.1250       0.1558       0.0044
    -21.8750       0.1640       0.0047
    -21.6250       0.1714       0.0048
    -21.3750       0.1789       0.0050
    -21.1250       0.1866       0.0051
    -20.8750       0.1935       0.0052
    -20.6250       0.1998       0.0054
    -20.3750       0.2063       0.0056
    -20.1250       0.2118       0.0057
    -19.8750       0.2169       0.0057
    -19.6250       0.2216       0.0058
    -19.3750       0.2255       0.0059
    -19.1250       0.2292       0.0059
    -18.8750       0.2323       0.0059
    -18.6250       0.2349       0.0059
    -18.3750       0.2370       0.0059
    -18.1250       0.2389       0.0060
    -17.8750       0.2401       0.0058
    -17.6250       0.2422       0.0057
    -17.3750       0.2421       0.0056
    -17.1250       0.2427       0.0056
    -16.8750       0.2418       0.0056
    -16.6250       0.2413       0.0054
    -16.3750       0.2393       0.0054
    -16.1250       0.2385       0.0052
    -15.8750       0.2356       0.0051
    -15.6250       0.2331       0.0051
    -15.3750       0.2304       0.0051
    -15.1250       0.2282       0.0049
    -14.8750       0.2243       0.0049
    -14.6250       0.2205       0.0049
    -14.3750       0.2164       0.0047
    -14.1250       0.2129       0.0046
    -13.8750       0.2085       0.0045
    -13.6250       0.2043       0.0045
    -13.3750       0.2017       0.0043
    -13.1250       0.1969       0.0043
    -12.8750       0.1929       0.0042
    -12.6250       0.1897       0.0041
    -12.3750       0.1859       0.0041
    -12.1250       0.1822       0.0040
    -11.8750       0.1782       0.0039
    -11.6250       0.1750       0.0040
    -11.3750       0.1721       0.0040
    -11.1250       0.1692       0.0038
    -10.8750       0.1662       0.0037
    -10.6250       0.1634       0.0038
    -10.3750       0.1605       0.0037
    -10.1250       0.1589       0.0037
     -9.8750       0.1568       0.0036
     -9.6250       0.1545       0.0035
     -9.3750       0.1526       0.0035
     -9.1250       0.1509       0.0035
     -8.8750       0.1493       0.0033
     -8.6250       0.1481       0.0034
     -8.3750       0.1469       0.0033
     -8.1250       0.1456       0.0033
     -7.8750       0.1443       0.0032
     -7.6250       0.1435       0.0032
     -7.3750       0.1423       0.0031
     -7.1250       0.1414       0.0031
     -6.8750       0.1404       0.0031
     -6.6250       0.1394       0.0031
     -6.3750       0.1386       0.0031
     -6.1250       0.1380       0.0031
     -5.8750       0.1368       0.0031
     -5.6250       0.1361       0.0030
     -5.3750       0.1346       0.0030
     -5.1250       0.1342       0.0030
     -4.8750       0.1331       0.0030
     -4.6250       0.1321       0.0030
     -4.3750       0.1305       0.0030
     -4.1250       0.1297       0.0029
     -3.8750       0.1289       0.0029
     -3.6250       0.1279       0.0029
     -3.3750       0.1265       0.0030
     -3.1250       0.1256       0.0030
     -2.8750       0.1243       0.0029
     -2.6250       0.1235       0.0029
     -2.3750       0.1224       0.0029
     -2.1250       0.1214       0.0029
     -1.8750       0.1209       0.0029
     -1.6250       0.1204       0.0028
     -1.3750       0.1194       0.0029
     -1.1250       0.1186       0.0029
     -0.8750       0.1180       0.0029
     -0.6250       0.1178       0.0029
     -0.3750       0.1175       0.0028
     -0.1250       0.1171       0.0029
      0.1250       0.1172       0.0029
      0.3750       0.1172       0.0029
      0.6250       0.1175       0.0029
      0.8750       0.1175       0.0029
      1.1250       0.1176       0.0029
      1.3750       0.1180       0.0028
      1.6250       0.1187       0.0029
      1.8750       0.1193       0.0029
      2.1250       0.1200       0.0029
      2.3750       0.1206       0.0028
      2.6250       0.1212       0.0028
      2.8750       0.1218       0.0029
      3.1250       0.1230       0.0030
      3.3750       0.1234       0.0029
      3.6250       0.1243       0.0030
      3.8750       0.1255       0.0029
      4.1250       0.1265       0.0029
      4.3750       0.1274       0.0029
      4.6250       0.1279       0.0030
      4.8750       0.1291       0.0029
      5.1250       0.1301       0.0029
      5.3750       0.1311       0.0030
      5.6250       0.1315       0.0030
      5.8750       0.1327       0.0030
      6.1250       0.1342       0.0030
      6.3750       0.1345       0.0030
      6.6250       0.1354       0.0030
      6.8750       0.1360       0.0030
      7.1250       0.1366       0.0030
      7.3750       0.1375       0.0031
      7.6250       0.1381       0.0031
      7.8750       0.1385       0.0030
      8.1250       0.1395       0.0031
      8.3750       0.1405       0.0032
      8.6250       0.1413       0.0032
      8.8750       0.1427       0.0032
      9.1250       0.1437       0.0032
      9.3750       0.1445       0.0033
      9.6250       0.1465       0.0034
      9.8750       0.1478       0.0035
     10.1250       0.1501       0.0036
     10.3750       0.1520       0.0036
     10.6250       0.1541       0.0037
     10.8750       0.1566       0.0037
     11.1250       0.1597       0.0038
     11.3750       0.1619       0.0038
     11.6250       0.1655       0.0039
     11.8750       0.1685       0.0039
     12.1250       0.1719       0.0040
     12.3750       0.1753       0.0040
     12.6250       0.1789       0.0040
     12.8750       0.1824       0.0041
     13.1250       0.1862       0.0041
     13.3750       0.1903       0.0041
     13.6250       0.1939       0.0042
     13.8750       0.1973       0.0043
     14.1250       0.2010       0.0044
     14.3750       0.2045       0.0045
     14.6250       0.2084       0.0046
     14.8750       0.2123       0.0046
     15.1250       0.2154       0.0047
     15.3750       0.2188       0.0049
     15.6250       0.2220       0.0050
     15.8750       0.2245       0.0049
     16.1250       0.2265       0.0050
     16.3750       0.2293       0.0052
     16.6250       0.2309       0.0052
     16.8750       0.2330       0.0054
     17.1250       0.2339       0.0054
     17.3750       0.2352       0.0056
     17.6250       0.2351       0.0057
     17.8750       0.2343       0.0056
     18.1250       0.2342       0.0057
     18.3750       0.2328       0.0057
     18.6250       0.2309       0.0058
     18.8750       0.2285       0.0058
     19.1250       0.2258       0.0057
     19.3750       0.2235       0.0057
     19.6250       0.2193       0.0056
     19.8750       0.2150       0.0057
     20.1250       0.2105       0.0057
     20.3750       0.2055       0.0055
     20.6250       0.2007       0.0052
     20.8750       0.1951       0.0053
     21.1250       0.1888       0.0051
     21.3750       0.1822       0.0049
     21.6250       0.1759       0.0048
     21.8750       0.1685       0.0047
     22.1250       0.1620       0.0046
     22.3750       0.1542       0.0045
     22.6250       0.1467       0.0044
     22.8750       0.1391       0.0043
     23.1250       0.1314       0.0042
     23.3750       0.1244       0.0040
     23.6250       0.1167       0.0040
     23.8750       0.1093       0.0039
     24.1250       0.1021       0.0039
     24.3750       0.0945       0.0039
     24.6250       0.0879       0.0038
     24.8750       0.0806       0.0038
     25.1250       0.0743       0.0038
     25.3750       0.0677       0.0036
     25.6250       0.0617       0.0036
     25.8750       0.0561       0.0036
     26.1250       0.0507       0.0035
     26.3750       0.0453       0.0033
     26.6250       0.0405       0.0032
     26.8750       0.0363       0.0031
     27.1250       0.0319       0.0029
     27.3750       0.0284       0.0028
     27.6250       0.0249       0.0026
     27.8750       0.0217       0.0025
     28.1250       0.0189       0.0023
     28.3750       0.0163       0.0021
     28.6250       0.0140       0.0020
     28.8750       0.0120       0.0018
     29.1250       0.0102       0.0016
     29.3750       0.0086       0.0015
     29.6250       0.0073       0.0014
     29.8750       0.0060       0.0012
     30.1250       0.0050       0.0011
     30.3750       0.0041       0.0010
     30.6250       0.0033       0.0008
     30.8750       0.0028       0.0007
     31.1250       0.0022       0.0007
     31.3750       0.0018       0.0006
     31.6250       0.0014       0.0005
     31.8750       0.0011       0.0004
     32.1250       0.0009       0.0004
     32.3750       0.0007       0.0003
     32.6250       0.0005       0.0003
     32.8750       0.0004       0.0002
     33.1250       0.0003       0.0002
     33.3750       0.0002       0.0002
     33.6250       0.0002       0.0001
     33.8750       0.0001       0.0001
     34.1250       0.0001       0.0001
     34.3750       0.0001       0.0001
     34.6250       0.0001       0.0001
     34.8750       0.0000       0.0001
     35.1250       0.0000       0.0001
     35.3750       0.0000       0.0001
     35.6250       0.0000       0.0000
     35.8750       0.0000       0.0000
     36.1250       0.0000       0.0000
     36.3750       0.0000       0.0000
     36.6250       0.0000       0.0000
     36.8750       0.0000       0.0000
     37.1250       0.0000       0.0000
     37.3750       0.0000       0.0000
     37.6250       0.0000       0.0000
     37.8750       0.0000       0.0000
     38.1250       0.0000       0.0000
     38.3750       0.0000       0.0000
     38.6250       0.0000       0.0000
     38.8750       0.0000       0.0000
     39.1250       0.0000       0.0000
     39.3750       0.0000       0.0000
     39.6250       0.0000       0.0000
     39.8750       0.0000       0.0000
     40.1250       0.0000       0.0000
