#Z                :PC|:OL  sd(:PC|:OL)
    -39.3750       0.0000       0.0000
    -39.1250       0.0000       0.0000
    -38.8750       0.0000       0.0000
    -38.6250       0.0000       0.0000
    -38.3750       0.0000       0.0000
    -38.1250       0.0000       0.0000
    -37.8750       0.0000       0.0000
    -37.6250       0.0000       0.0000
    -37.3750       0.0000       0.0000
    -37.1250       0.0000       0.0000
    -36.8750       0.0000       0.0000
    -36.6250       0.0000       0.0000
    -36.3750       0.0000       0.0000
    -36.1250       0.0000       0.0000
    -35.8750       0.0000       0.0000
    -35.6250       0.0000       0.0000
    -35.3750       0.0000       0.0000
    -35.1250       0.0000       0.0001
    -34.8750       0.0000       0.0001
    -34.6250       0.0001       0.0001
    -34.3750       0.0001       0.0001
    -34.1250       0.0001       0.0001
    -33.8750       0.0001       0.0001
    -33.6250       0.0002       0.0001
    -33.3750       0.0002       0.0002
    -33.1250       0.0003       0.0002
    -32.8750       0.0004       0.0002
    -32.6250       0.0005       0.0003
    -32.3750       0.0007       0.0003
    -32.1250       0.0009       0.0004
    -31.8750       0.0011       0.0004
    -31.6250       0.0014       0.0005
    -31.3750       0.0017       0.0006
    -31.1250       0.0021       0.0006
    -30.8750       0.0026       0.0007
    -30.6250       0.0031       0.0008
    -30.3750       0.0038       0.0009
    -30.1250       0.0046       0.0011
    -29.8750       0.0055       0.0012
    -29.6250       0.0066       0.0013
    -29.3750       0.0079       0.0015
    -29.1250       0.0093       0.0016
    -28.8750       0.0109       0.0018
    -28.6250       0.0128       0.0020
    -28.3750       0.0149       0.0022
    -28.1250       0.0173       0.0024
    -27.8750       0.0199       0.0025
    -27.6250       0.0228       0.0027
    -27.3750       0.0261       0.0029
    -27.1250       0.0295       0.0030
    -26.8750       0.0332       0.0032
    -26.6250       0.0376       0.0034
    -26.3750       0.0419       0.0035
    -26.1250       0.0466       0.0037
    -25.8750       0.0517       0.0037
    -25.6250       0.0575       0.0038
    -25.3750       0.0631       0.0039
    -25.1250       0.0692       0.0040
    -24.8750       0.0751       0.0040
    -24.6250       0.0822       0.0040
    -24.3750       0.0888       0.0040
    -24.1250       0.0959       0.0040
    -23.8750       0.1033       0.0041
    -23.6250       0.1110       0.0041
    -23.3750       0.1181       0.0041
    -23.1250       0.1262       0.0042
    -22.8750       0.1333       0.0042
    -22.6250       0.1410       0.0042
    -22.3750       0.1486       0.0044
    -22.1250       0.1559       0.0045
    -21.8750       0.1631       0.0046
    -21.6250       0.1700       0.0047
    -21.3750       0.1769       0.0049
    -21.1250       0.1836       0.0051
    -20.8750       0.1900       0.0053
    -20.6250       0.1957       0.0053
    -20.3750       0.2015       0.0056
    -20.1250       0.2068       0.0057
    -19.8750       0.2118       0.0059
    -19.6250       0.2172       0.0059
    -19.3750       0.2206       0.0060
    -19.1250       0.2245       0.0061
    -18.8750       0.2280       0.0061
    -18.6250       0.2305       0.0062
    -18.3750       0.2327       0.0062
    -18.1250       0.2351       0.0062
    -17.8750       0.2365       0.0062
    -17.6250       0.2370       0.0061
    -17.3750       0.2381       0.0061
    -17.1250       0.2382       0.0060
    -16.8750       0.2375       0.0060
    -16.6250       0.2365       0.0059
    -16.3750       0.2353       0.0057
    -16.1250       0.2343       0.0057
    -15.8750       0.2323       0.0056
    -15.6250       0.2305       0.0055
    -15.3750       0.2284       0.0054
    -15.1250       0.2252       0.0052
    -14.8750       0.2226       0.0050
    -14.6250       0.2192       0.0049
    -14.3750       0.2161       0.0048
    -14.1250       0.2131       0.0046
    -13.8750       0.2099       0.0045
    -13.6250       0.2063       0.0045
    -13.3750       0.2025       0.0043
    -13.1250       0.1987       0.0043
    -12.8750       0.1951       0.0042
    -12.6250       0.1914       0.0041
    -12.3750       0.1880       0.0041
    -12.1250       0.1840       0.0040
    -11.8750       0.1809       0.0040
    -11.6250       0.1777       0.0040
    -11.3750       0.1746       0.0040
    -11.1250       0.1718       0.0039
    -10.8750       0.1686       0.0039
    -10.6250       0.1659       0.0039
    -10.3750       0.1630       0.0038
    -10.1250       0.1605       0.0037
     -9.8750       0.1584       0.0037
     -9.6250       0.1563       0.0037
     -9.3750       0.1543       0.0036
     -9.1250       0.1521       0.0035
     -8.8750       0.1506       0.0034
     -8.6250       0.1488       0.0034
     -8.3750       0.1471       0.0034
     -8.1250       0.1455       0.0033
     -7.8750       0.1442       0.0033
     -7.6250       0.1433       0.0032
     -7.3750       0.1422       0.0032
     -7.1250       0.1406       0.0032
     -6.8750       0.1398       0.0031
     -6.6250       0.1386       0.0031
     -6.3750       0.1377       0.0031
     -6.1250       0.1364       0.0031
     -5.8750       0.1358       0.0030
     -5.6250       0.1348       0.0030
     -5.3750       0.1341       0.0030
     -5.1250       0.1329       0.0031
     -4.8750       0.1322       0.0030
     -4.6250       0.1315       0.0030
     -4.3750       0.1304       0.0030
     -4.1250       0.1294       0.0030
     -3.8750       0.1287       0.0029
     -3.6250       0.1276       0.0030
     -3.3750       0.1268       0.0029
     -3.1250       0.1261       0.0029
     -2.8750       0.1253       0.0029
     -2.6250       0.1242       0.0029
     -2.3750       0.1237       0.0029
     -2.1250       0.1229       0.0029
     -1.8750       0.1224       0.0029
     -1.6250       0.1216       0.0029
     -1.3750       0.1208       0.0029
     -1.1250       0.1206       0.0029
     -0.8750       0.1199       0.0029
     -0.6250       0.1195       0.0029
     -0.3750       0.1191       0.0030
     -0.1250       0.1191       0.0030
      0.1250       0.1191       0.0030
      0.3750       0.1189       0.0030
      0.6250       0.1190       0.0029
      0.8750       0.1192       0.0030
      1.1250       0.1195       0.0030
      1.3750       0.1201       0.0030
      1.6250       0.1205       0.0029
      1.8750       0.1210       0.0029
      2.1250       0.1212       0.0030
      2.3750       0.1220       0.0029
      2.6250       0.1229       0.0029
      2.8750       0.1236       0.0029
      3.1250       0.1242       0.0029
      3.3750       0.1249       0.0029
      3.6250       0.1256       0.0029
      3.8750       0.1264       0.0029
      4.1250       0.1274       0.0029
      4.3750       0.1280       0.0029
      4.6250       0.1287       0.0029
      4.8750       0.1297       0.0030
      5.1250       0.1306       0.0030
      5.3750       0.1311       0.0030
      5.6250       0.1320       0.0030
      5.8750       0.1331       0.0029
      6.1250       0.1336       0.0030
      6.3750       0.1347       0.0030
      6.6250       0.1355       0.0030
      6.8750       0.1367       0.0031
      7.1250       0.1375       0.0031
      7.3750       0.1381       0.0031
      7.6250       0.1392       0.0031
      7.8750       0.1401       0.0032
      8.1250       0.1415       0.0032
      8.3750       0.1427       0.0032
      8.6250       0.1437       0.0033
      8.8750       0.1452       0.0033
      9.1250       0.1463       0.0034
      9.3750       0.1484       0.0034
      9.6250       0.1500       0.0035
      9.8750       0.1514       0.0036
     10.1250       0.1534       0.0037
     10.3750       0.1554       0.0037
     10.6250       0.1580       0.0038
     10.8750       0.1602       0.0038
     11.1250       0.1627       0.0039
     11.3750       0.1658       0.0040
     11.6250       0.1682       0.0039
     11.8750       0.1713       0.0041
     12.1250       0.1742       0.0041
     12.3750       0.1776       0.0040
     12.6250       0.1805       0.0041
     12.8750       0.1839       0.0042
     13.1250       0.1874       0.0041
     13.3750       0.1906       0.0042
     13.6250       0.1941       0.0042
     13.8750       0.1974       0.0042
     14.1250       0.2009       0.0043
     14.3750       0.2046       0.0044
     14.6250       0.2071       0.0044
     14.8750       0.2105       0.0046
     15.1250       0.2138       0.0048
     15.3750       0.2167       0.0048
     15.6250       0.2192       0.0049
     15.8750       0.2216       0.0050
     16.1250       0.2237       0.0051
     16.3750       0.2259       0.0052
     16.6250       0.2271       0.0055
     16.8750       0.2285       0.0056
     17.1250       0.2292       0.0056
     17.3750       0.2305       0.0058
     17.6250       0.2305       0.0058
     17.8750       0.2300       0.0059
     18.1250       0.2295       0.0061
     18.3750       0.2285       0.0061
     18.6250       0.2271       0.0062
     18.8750       0.2252       0.0062
     19.1250       0.2219       0.0062
     19.3750       0.2193       0.0062
     19.6250       0.2158       0.0061
     19.8750       0.2120       0.0060
     20.1250       0.2077       0.0060
     20.3750       0.2026       0.0060
     20.6250       0.1979       0.0057
     20.8750       0.1923       0.0056
     21.1250       0.1867       0.0055
     21.3750       0.1804       0.0053
     21.6250       0.1737       0.0050
     21.8750       0.1671       0.0049
     22.1250       0.1606       0.0047
     22.3750       0.1532       0.0045
     22.6250       0.1460       0.0044
     22.8750       0.1390       0.0042
     23.1250       0.1316       0.0040
     23.3750       0.1245       0.0039
     23.6250       0.1170       0.0039
     23.8750       0.1098       0.0037
     24.1250       0.1034       0.0038
     24.3750       0.0961       0.0037
     24.6250       0.0896       0.0037
     24.8750       0.0832       0.0037
     25.1250       0.0769       0.0037
     25.3750       0.0708       0.0037
     25.6250       0.0652       0.0037
     25.8750       0.0595       0.0036
     26.1250       0.0546       0.0036
     26.3750       0.0493       0.0036
     26.6250       0.0445       0.0035
     26.8750       0.0402       0.0034
     27.1250       0.0360       0.0033
     27.3750       0.0321       0.0032
     27.6250       0.0283       0.0030
     27.8750       0.0252       0.0029
     28.1250       0.0223       0.0028
     28.3750       0.0196       0.0026
     28.6250       0.0170       0.0024
     28.8750       0.0147       0.0022
     29.1250       0.0128       0.0021
     29.3750       0.0111       0.0020
     29.6250       0.0095       0.0018
     29.8750       0.0081       0.0016
     30.1250       0.0069       0.0015
     30.3750       0.0059       0.0014
     30.6250       0.0049       0.0012
     30.8750       0.0041       0.0011
     31.1250       0.0034       0.0010
     31.3750       0.0028       0.0009
     31.6250       0.0023       0.0007
     31.8750       0.0019       0.0007
     32.1250       0.0016       0.0006
     32.3750       0.0012       0.0005
     32.6250       0.0010       0.0004
     32.8750       0.0008       0.0004
     33.1250       0.0006       0.0003
     33.3750       0.0005       0.0003
     33.6250       0.0004       0.0003
     33.8750       0.0003       0.0002
     34.1250       0.0002       0.0002
     34.3750       0.0002       0.0001
     34.6250       0.0001       0.0001
     34.8750       0.0001       0.0001
     35.1250       0.0001       0.0001
     35.3750       0.0001       0.0001
     35.6250       0.0000       0.0001
     35.8750       0.0000       0.0000
     36.1250       0.0000       0.0000
     36.3750       0.0000       0.0000
     36.6250       0.0000       0.0000
     36.8750       0.0000       0.0000
     37.1250       0.0000       0.0000
     37.3750       0.0000       0.0000
     37.6250       0.0000       0.0000
     37.8750       0.0000       0.0000
     38.1250       0.0000       0.0000
     38.3750       0.0000       0.0000
     38.6250       0.0000       0.0000
     38.8750       0.0000       0.0000
     39.1250       0.0000       0.0000
     39.3750       0.0000       0.0000
     39.6250       0.0000       0.0000
     39.8750       0.0000       0.0000
     40.1250       0.0000       0.0000
     40.3750       0.0000       0.0000
