#Z                :PC|:OL  sd(:PC|:OL)
    -40.3750       0.0000       0.0000
    -40.1250       0.0000       0.0000
    -39.8750       0.0000       0.0000
    -39.6250       0.0000       0.0000
    -39.3750       0.0000       0.0000
    -39.1250       0.0000       0.0000
    -38.8750       0.0000       0.0000
    -38.6250       0.0000       0.0000
    -38.3750       0.0000       0.0000
    -38.1250       0.0000       0.0000
    -37.8750       0.0000       0.0000
    -37.6250       0.0000       0.0000
    -37.3750       0.0000       0.0000
    -37.1250       0.0000       0.0000
    -36.8750       0.0000       0.0000
    -36.6250       0.0000       0.0000
    -36.3750       0.0000       0.0000
    -36.1250       0.0000       0.0000
    -35.8750       0.0000       0.0000
    -35.6250       0.0000       0.0000
    -35.3750       0.0000       0.0000
    -35.1250       0.0000       0.0001
    -34.8750       0.0000       0.0001
    -34.6250       0.0000       0.0001
    -34.3750       0.0001       0.0001
    -34.1250       0.0001       0.0001
    -33.8750       0.0001       0.0001
    -33.6250       0.0001       0.0001
    -33.3750       0.0002       0.0002
    -33.1250       0.0002       0.0002
    -32.8750       0.0003       0.0002
    -32.6250       0.0004       0.0003
    -32.3750       0.0005       0.0003
    -32.1250       0.0006       0.0003
    -31.8750       0.0008       0.0004
    -31.6250       0.0010       0.0005
    -31.3750       0.0013       0.0005
    -31.1250       0.0016       0.0006
    -30.8750       0.0020       0.0007
    -30.6250       0.0023       0.0008
    -30.3750       0.0029       0.0009
    -30.1250       0.0035       0.0010
    -29.8750       0.0043       0.0011
    -29.6250       0.0051       0.0012
    -29.3750       0.0061       0.0013
    -29.1250       0.0072       0.0014
    -28.8750       0.0086       0.0016
    -28.6250       0.0101       0.0018
    -28.3750       0.0118       0.0019
    -28.1250       0.0139       0.0021
    -27.8750       0.0160       0.0022
    -27.6250       0.0186       0.0024
    -27.3750       0.0212       0.0025
    -27.1250       0.0246       0.0028
    -26.8750       0.0280       0.0029
    -26.6250       0.0317       0.0030
    -26.3750       0.0361       0.0033
    -26.1250       0.0405       0.0033
    -25.8750       0.0455       0.0034
    -25.6250       0.0511       0.0035
    -25.3750       0.0566       0.0036
    -25.1250       0.0628       0.0037
    -24.8750       0.0696       0.0037
    -24.6250       0.0761       0.0038
    -24.3750       0.0835       0.0038
    -24.1250       0.0908       0.0039
    -23.8750       0.0990       0.0038
    -23.6250       0.1067       0.0039
    -23.3750       0.1151       0.0040
    -23.1250       0.1234       0.0040
    -22.8750       0.1316       0.0041
    -22.6250       0.1405       0.0043
    -22.3750       0.1484       0.0044
    -22.1250       0.1573       0.0046
    -21.8750       0.1652       0.0047
    -21.6250       0.1731       0.0048
    -21.3750       0.1812       0.0050
    -21.1250       0.1879       0.0052
    -20.8750       0.1952       0.0053
    -20.6250       0.2021       0.0055
    -20.3750       0.2085       0.0057
    -20.1250       0.2134       0.0058
    -19.8750       0.2193       0.0059
    -19.6250       0.2233       0.0058
    -19.3750       0.2280       0.0060
    -19.1250       0.2320       0.0060
    -18.8750       0.2340       0.0059
    -18.6250       0.2375       0.0060
    -18.3750       0.2402       0.0060
    -18.1250       0.2411       0.0059
    -17.8750       0.2433       0.0058
    -17.6250       0.2434       0.0058
    -17.3750       0.2441       0.0057
    -17.1250       0.2440       0.0058
    -16.8750       0.2433       0.0055
    -16.6250       0.2420       0.0055
    -16.3750       0.2410       0.0054
    -16.1250       0.2394       0.0053
    -15.8750       0.2369       0.0052
    -15.6250       0.2339       0.0053
    -15.3750       0.2316       0.0050
    -15.1250       0.2286       0.0050
    -14.8750       0.2252       0.0048
    -14.6250       0.2212       0.0047
    -14.3750       0.2174       0.0046
    -14.1250       0.2138       0.0044
    -13.8750       0.2094       0.0046
    -13.6250       0.2051       0.0044
    -13.3750       0.2011       0.0043
    -13.1250       0.1976       0.0042
    -12.8750       0.1927       0.0042
    -12.6250       0.1890       0.0041
    -12.3750       0.1850       0.0041
    -12.1250       0.1813       0.0040
    -11.8750       0.1773       0.0040
    -11.6250       0.1739       0.0039
    -11.3750       0.1699       0.0039
    -11.1250       0.1672       0.0039
    -10.8750       0.1645       0.0038
    -10.6250       0.1614       0.0037
    -10.3750       0.1594       0.0036
    -10.1250       0.1564       0.0036
     -9.8750       0.1547       0.0035
     -9.6250       0.1527       0.0035
     -9.3750       0.1512       0.0034
     -9.1250       0.1496       0.0034
     -8.8750       0.1477       0.0033
     -8.6250       0.1467       0.0033
     -8.3750       0.1456       0.0032
     -8.1250       0.1446       0.0032
     -7.8750       0.1435       0.0031
     -7.6250       0.1424       0.0032
     -7.3750       0.1412       0.0031
     -7.1250       0.1409       0.0031
     -6.8750       0.1398       0.0030
     -6.6250       0.1390       0.0031
     -6.3750       0.1380       0.0031
     -6.1250       0.1376       0.0031
     -5.8750       0.1364       0.0031
     -5.6250       0.1358       0.0030
     -5.3750       0.1352       0.0030
     -5.1250       0.1343       0.0031
     -4.8750       0.1329       0.0030
     -4.6250       0.1328       0.0030
     -4.3750       0.1316       0.0030
     -4.1250       0.1306       0.0030
     -3.8750       0.1294       0.0029
     -3.6250       0.1286       0.0029
     -3.3750       0.1279       0.0030
     -3.1250       0.1267       0.0029
     -2.8750       0.1258       0.0030
     -2.6250       0.1243       0.0029
     -2.3750       0.1234       0.0029
     -2.1250       0.1229       0.0030
     -1.8750       0.1214       0.0029
     -1.6250       0.1207       0.0030
     -1.3750       0.1204       0.0029
     -1.1250       0.1191       0.0029
     -0.8750       0.1187       0.0030
     -0.6250       0.1182       0.0030
     -0.3750       0.1178       0.0029
     -0.1250       0.1176       0.0029
      0.1250       0.1175       0.0030
      0.3750       0.1172       0.0030
      0.6250       0.1177       0.0029
      0.8750       0.1179       0.0030
      1.1250       0.1180       0.0029
      1.3750       0.1183       0.0030
      1.6250       0.1188       0.0029
      1.8750       0.1196       0.0029
      2.1250       0.1204       0.0029
      2.3750       0.1211       0.0028
      2.6250       0.1220       0.0030
      2.8750       0.1231       0.0029
      3.1250       0.1236       0.0029
      3.3750       0.1248       0.0028
      3.6250       0.1256       0.0030
      3.8750       0.1270       0.0030
      4.1250       0.1276       0.0029
      4.3750       0.1284       0.0029
      4.6250       0.1297       0.0029
      4.8750       0.1302       0.0029
      5.1250       0.1310       0.0029
      5.3750       0.1320       0.0030
      5.6250       0.1328       0.0030
      5.8750       0.1338       0.0031
      6.1250       0.1340       0.0030
      6.3750       0.1348       0.0031
      6.6250       0.1357       0.0030
      6.8750       0.1368       0.0030
      7.1250       0.1377       0.0031
      7.3750       0.1385       0.0031
      7.6250       0.1388       0.0031
      7.8750       0.1404       0.0031
      8.1250       0.1407       0.0031
      8.3750       0.1414       0.0031
      8.6250       0.1427       0.0033
      8.8750       0.1434       0.0033
      9.1250       0.1449       0.0034
      9.3750       0.1467       0.0034
      9.6250       0.1472       0.0034
      9.8750       0.1494       0.0035
     10.1250       0.1508       0.0035
     10.3750       0.1530       0.0036
     10.6250       0.1549       0.0037
     10.8750       0.1573       0.0038
     11.1250       0.1594       0.0038
     11.3750       0.1627       0.0039
     11.6250       0.1660       0.0039
     11.8750       0.1688       0.0039
     12.1250       0.1722       0.0040
     12.3750       0.1760       0.0040
     12.6250       0.1800       0.0040
     12.8750       0.1837       0.0041
     13.1250       0.1873       0.0041
     13.3750       0.1916       0.0042
     13.6250       0.1951       0.0042
     13.8750       0.1991       0.0043
     14.1250       0.2032       0.0045
     14.3750       0.2067       0.0045
     14.6250       0.2108       0.0046
     14.8750       0.2144       0.0047
     15.1250       0.2175       0.0049
     15.3750       0.2206       0.0050
     15.6250       0.2235       0.0052
     15.8750       0.2262       0.0051
     16.1250       0.2288       0.0053
     16.3750       0.2317       0.0055
     16.6250       0.2331       0.0055
     16.8750       0.2347       0.0055
     17.1250       0.2361       0.0056
     17.3750       0.2372       0.0056
     17.6250       0.2372       0.0058
     17.8750       0.2376       0.0058
     18.1250       0.2365       0.0060
     18.3750       0.2358       0.0059
     18.6250       0.2340       0.0061
     18.8750       0.2320       0.0060
     19.1250       0.2300       0.0060
     19.3750       0.2262       0.0060
     19.6250       0.2234       0.0060
     19.8750       0.2191       0.0059
     20.1250       0.2148       0.0059
     20.3750       0.2092       0.0057
     20.6250       0.2038       0.0056
     20.8750       0.1977       0.0055
     21.1250       0.1910       0.0053
     21.3750       0.1848       0.0051
     21.6250       0.1776       0.0048
     21.8750       0.1698       0.0046
     22.1250       0.1623       0.0045
     22.3750       0.1543       0.0045
     22.6250       0.1459       0.0043
     22.8750       0.1386       0.0042
     23.1250       0.1308       0.0041
     23.3750       0.1223       0.0041
     23.6250       0.1145       0.0040
     23.8750       0.1068       0.0040
     24.1250       0.0992       0.0040
     24.3750       0.0916       0.0038
     24.6250       0.0841       0.0039
     24.8750       0.0775       0.0038
     25.1250       0.0709       0.0038
     25.3750       0.0646       0.0038
     25.6250       0.0586       0.0036
     25.8750       0.0528       0.0035
     26.1250       0.0473       0.0034
     26.3750       0.0425       0.0033
     26.6250       0.0379       0.0032
     26.8750       0.0334       0.0030
     27.1250       0.0296       0.0028
     27.3750       0.0260       0.0027
     27.6250       0.0226       0.0025
     27.8750       0.0199       0.0024
     28.1250       0.0172       0.0022
     28.3750       0.0148       0.0020
     28.6250       0.0128       0.0019
     28.8750       0.0110       0.0017
     29.1250       0.0092       0.0016
     29.3750       0.0078       0.0014
     29.6250       0.0066       0.0013
     29.8750       0.0056       0.0012
     30.1250       0.0046       0.0010
     30.3750       0.0038       0.0009
     30.6250       0.0031       0.0008
     30.8750       0.0026       0.0007
     31.1250       0.0021       0.0006
     31.3750       0.0017       0.0006
     31.6250       0.0014       0.0005
     31.8750       0.0011       0.0004
     32.1250       0.0009       0.0004
     32.3750       0.0007       0.0003
     32.6250       0.0006       0.0003
     32.8750       0.0004       0.0002
     33.1250       0.0003       0.0002
     33.3750       0.0002       0.0002
     33.6250       0.0002       0.0002
     33.8750       0.0002       0.0001
     34.1250       0.0001       0.0001
     34.3750       0.0001       0.0001
     34.6250       0.0001       0.0001
     34.8750       0.0001       0.0001
     35.1250       0.0000       0.0001
     35.3750       0.0000       0.0001
     35.6250       0.0000       0.0000
     35.8750       0.0000       0.0000
     36.1250       0.0000       0.0000
     36.3750       0.0000       0.0000
     36.6250       0.0000       0.0000
     36.8750       0.0000       0.0000
     37.1250       0.0000       0.0000
     37.3750       0.0000       0.0000
     37.6250       0.0000       0.0000
     37.8750       0.0000       0.0000
     38.1250       0.0000       0.0000
     38.3750       0.0000       0.0000
