#Z                :PC|:OL  sd(:PC|:OL)
    -37.1250       0.0000       0.0000
    -36.8750       0.0000       0.0000
    -36.6250       0.0000       0.0000
    -36.3750       0.0000       0.0000
    -36.1250       0.0000       0.0000
    -35.8750       0.0000       0.0000
    -35.6250       0.0000       0.0000
    -35.3750       0.0000       0.0000
    -35.1250       0.0000       0.0000
    -34.8750       0.0000       0.0000
    -34.6250       0.0000       0.0000
    -34.3750       0.0000       0.0000
    -34.1250       0.0000       0.0001
    -33.8750       0.0000       0.0001
    -33.6250       0.0001       0.0001
    -33.3750       0.0001       0.0001
    -33.1250       0.0001       0.0001
    -32.8750       0.0001       0.0001
    -32.6250       0.0002       0.0001
    -32.3750       0.0003       0.0002
    -32.1250       0.0003       0.0002
    -31.8750       0.0005       0.0002
    -31.6250       0.0006       0.0003
    -31.3750       0.0007       0.0003
    -31.1250       0.0010       0.0004
    -30.8750       0.0013       0.0004
    -30.6250       0.0016       0.0005
    -30.3750       0.0020       0.0006
    -30.1250       0.0025       0.0006
    -29.8750       0.0032       0.0008
    -29.6250       0.0039       0.0008
    -29.3750       0.0048       0.0010
    -29.1250       0.0058       0.0011
    -28.8750       0.0071       0.0012
    -28.6250       0.0085       0.0013
    -28.3750       0.0101       0.0015
    -28.1250       0.0120       0.0016
    -27.8750       0.0141       0.0018
    -27.6250       0.0167       0.0019
    -27.3750       0.0193       0.0020
    -27.1250       0.0224       0.0022
    -26.8750       0.0261       0.0024
    -26.6250       0.0299       0.0025
    -26.3750       0.0341       0.0027
    -26.1250       0.0389       0.0029
    -25.8750       0.0440       0.0031
    -25.6250       0.0494       0.0032
    -25.3750       0.0556       0.0034
    -25.1250       0.0618       0.0034
    -24.8750       0.0689       0.0037
    -24.6250       0.0757       0.0037
    -24.3750       0.0837       0.0038
    -24.1250       0.0912       0.0039
    -23.8750       0.0990       0.0040
    -23.6250       0.1070       0.0040
    -23.3750       0.1157       0.0041
    -23.1250       0.1246       0.0042
    -22.8750       0.1330       0.0042
    -22.6250       0.1420       0.0043
    -22.3750       0.1503       0.0044
    -22.1250       0.1586       0.0045
    -21.8750       0.1670       0.0045
    -21.6250       0.1759       0.0048
    -21.3750       0.1830       0.0050
    -21.1250       0.1906       0.0050
    -20.8750       0.1971       0.0052
    -20.6250       0.2042       0.0053
    -20.3750       0.2102       0.0054
    -20.1250       0.2160       0.0056
    -19.8750       0.2210       0.0055
    -19.6250       0.2249       0.0056
    -19.3750       0.2296       0.0056
    -19.1250       0.2337       0.0056
    -18.8750       0.2361       0.0056
    -18.6250       0.2391       0.0057
    -18.3750       0.2412       0.0057
    -18.1250       0.2430       0.0056
    -17.8750       0.2446       0.0055
    -17.6250       0.2454       0.0056
    -17.3750       0.2455       0.0054
    -17.1250       0.2459       0.0053
    -16.8750       0.2454       0.0056
    -16.6250       0.2450       0.0056
    -16.3750       0.2428       0.0054
    -16.1250       0.2414       0.0055
    -15.8750       0.2383       0.0053
    -15.6250       0.2355       0.0052
    -15.3750       0.2320       0.0052
    -15.1250       0.2290       0.0051
    -14.8750       0.2252       0.0049
    -14.6250       0.2211       0.0048
    -14.3750       0.2171       0.0047
    -14.1250       0.2127       0.0046
    -13.8750       0.2090       0.0045
    -13.6250       0.2048       0.0045
    -13.3750       0.1999       0.0043
    -13.1250       0.1960       0.0043
    -12.8750       0.1920       0.0043
    -12.6250       0.1877       0.0041
    -12.3750       0.1841       0.0042
    -12.1250       0.1794       0.0040
    -11.8750       0.1760       0.0040
    -11.6250       0.1728       0.0039
    -11.3750       0.1695       0.0038
    -11.1250       0.1661       0.0038
    -10.8750       0.1631       0.0037
    -10.6250       0.1606       0.0037
    -10.3750       0.1580       0.0035
    -10.1250       0.1565       0.0036
     -9.8750       0.1540       0.0035
     -9.6250       0.1522       0.0034
     -9.3750       0.1504       0.0034
     -9.1250       0.1490       0.0034
     -8.8750       0.1479       0.0033
     -8.6250       0.1466       0.0033
     -8.3750       0.1454       0.0032
     -8.1250       0.1445       0.0032
     -7.8750       0.1434       0.0031
     -7.6250       0.1427       0.0032
     -7.3750       0.1414       0.0031
     -7.1250       0.1411       0.0031
     -6.8750       0.1401       0.0030
     -6.6250       0.1392       0.0031
     -6.3750       0.1384       0.0030
     -6.1250       0.1381       0.0031
     -5.8750       0.1368       0.0030
     -5.6250       0.1360       0.0030
     -5.3750       0.1352       0.0030
     -5.1250       0.1350       0.0030
     -4.8750       0.1336       0.0030
     -4.6250       0.1327       0.0030
     -4.3750       0.1313       0.0030
     -4.1250       0.1306       0.0029
     -3.8750       0.1294       0.0030
     -3.6250       0.1284       0.0029
     -3.3750       0.1272       0.0029
     -3.1250       0.1262       0.0029
     -2.8750       0.1255       0.0029
     -2.6250       0.1238       0.0029
     -2.3750       0.1231       0.0029
     -2.1250       0.1219       0.0030
     -1.8750       0.1209       0.0029
     -1.6250       0.1199       0.0029
     -1.3750       0.1188       0.0029
     -1.1250       0.1183       0.0029
     -0.8750       0.1175       0.0029
     -0.6250       0.1169       0.0030
     -0.3750       0.1168       0.0029
     -0.1250       0.1161       0.0029
      0.1250       0.1162       0.0029
      0.3750       0.1166       0.0030
      0.6250       0.1164       0.0029
      0.8750       0.1169       0.0029
      1.1250       0.1174       0.0029
      1.3750       0.1177       0.0029
      1.6250       0.1184       0.0030
      1.8750       0.1193       0.0029
      2.1250       0.1201       0.0029
      2.3750       0.1208       0.0029
      2.6250       0.1216       0.0029
      2.8750       0.1228       0.0029
      3.1250       0.1233       0.0029
      3.3750       0.1246       0.0029
      3.6250       0.1256       0.0029
      3.8750       0.1265       0.0029
      4.1250       0.1274       0.0030
      4.3750       0.1284       0.0030
      4.6250       0.1293       0.0030
      4.8750       0.1304       0.0029
      5.1250       0.1309       0.0029
      5.3750       0.1317       0.0031
      5.6250       0.1326       0.0031
      5.8750       0.1334       0.0030
      6.1250       0.1339       0.0030
      6.3750       0.1344       0.0030
      6.6250       0.1356       0.0031
      6.8750       0.1358       0.0031
      7.1250       0.1367       0.0031
      7.3750       0.1374       0.0032
      7.6250       0.1379       0.0031
      7.8750       0.1386       0.0032
      8.1250       0.1396       0.0031
      8.3750       0.1400       0.0031
      8.6250       0.1411       0.0031
      8.8750       0.1417       0.0032
      9.1250       0.1435       0.0032
      9.3750       0.1439       0.0033
      9.6250       0.1456       0.0033
      9.8750       0.1473       0.0034
     10.1250       0.1493       0.0036
     10.3750       0.1509       0.0036
     10.6250       0.1530       0.0036
     10.8750       0.1554       0.0038
     11.1250       0.1578       0.0038
     11.3750       0.1606       0.0037
     11.6250       0.1638       0.0038
     11.8750       0.1674       0.0039
     12.1250       0.1705       0.0040
     12.3750       0.1740       0.0040
     12.6250       0.1783       0.0041
     12.8750       0.1823       0.0042
     13.1250       0.1863       0.0042
     13.3750       0.1908       0.0042
     13.6250       0.1950       0.0042
     13.8750       0.1989       0.0042
     14.1250       0.2039       0.0044
     14.3750       0.2084       0.0044
     14.6250       0.2122       0.0044
     14.8750       0.2158       0.0046
     15.1250       0.2197       0.0047
     15.3750       0.2236       0.0048
     15.6250       0.2265       0.0048
     15.8750       0.2290       0.0049
     16.1250       0.2322       0.0049
     16.3750       0.2338       0.0050
     16.6250       0.2351       0.0051
     16.8750       0.2370       0.0052
     17.1250       0.2385       0.0054
     17.3750       0.2394       0.0054
     17.6250       0.2389       0.0054
     17.8750       0.2385       0.0054
     18.1250       0.2380       0.0055
     18.3750       0.2373       0.0057
     18.6250       0.2360       0.0057
     18.8750       0.2342       0.0057
     19.1250       0.2310       0.0059
     19.3750       0.2289       0.0059
     19.6250       0.2248       0.0059
     19.8750       0.2209       0.0059
     20.1250       0.2154       0.0058
     20.3750       0.2107       0.0057
     20.6250       0.2050       0.0057
     20.8750       0.1988       0.0056
     21.1250       0.1924       0.0054
     21.3750       0.1855       0.0052
     21.6250       0.1778       0.0052
     21.8750       0.1701       0.0048
     22.1250       0.1624       0.0046
     22.3750       0.1541       0.0045
     22.6250       0.1458       0.0043
     22.8750       0.1374       0.0042
     23.1250       0.1293       0.0041
     23.3750       0.1209       0.0039
     23.6250       0.1133       0.0039
     23.8750       0.1054       0.0039
     24.1250       0.0975       0.0038
     24.3750       0.0902       0.0036
     24.6250       0.0830       0.0036
     24.8750       0.0755       0.0035
     25.1250       0.0691       0.0035
     25.3750       0.0631       0.0034
     25.6250       0.0569       0.0033
     25.8750       0.0512       0.0033
     26.1250       0.0463       0.0031
     26.3750       0.0412       0.0031
     26.6250       0.0363       0.0029
     26.8750       0.0325       0.0028
     27.1250       0.0284       0.0028
     27.3750       0.0251       0.0026
     27.6250       0.0218       0.0024
     27.8750       0.0192       0.0023
     28.1250       0.0166       0.0021
     28.3750       0.0145       0.0020
     28.6250       0.0124       0.0018
     28.8750       0.0107       0.0017
     29.1250       0.0090       0.0015
     29.3750       0.0078       0.0014
     29.6250       0.0067       0.0013
     29.8750       0.0056       0.0012
     30.1250       0.0047       0.0011
     30.3750       0.0039       0.0010
     30.6250       0.0032       0.0009
     30.8750       0.0026       0.0008
     31.1250       0.0022       0.0007
     31.3750       0.0018       0.0006
     31.6250       0.0014       0.0005
     31.8750       0.0012       0.0005
     32.1250       0.0010       0.0004
     32.3750       0.0008       0.0004
     32.6250       0.0006       0.0003
     32.8750       0.0005       0.0003
     33.1250       0.0004       0.0002
     33.3750       0.0003       0.0002
     33.6250       0.0002       0.0002
     33.8750       0.0002       0.0001
     34.1250       0.0001       0.0001
     34.3750       0.0001       0.0001
     34.6250       0.0001       0.0001
     34.8750       0.0001       0.0001
     35.1250       0.0000       0.0001
     35.3750       0.0000       0.0001
     35.6250       0.0000       0.0000
     35.8750       0.0000       0.0000
     36.1250       0.0000       0.0000
     36.3750       0.0000       0.0000
     36.6250       0.0000       0.0000
     36.8750       0.0000       0.0000
     37.1250       0.0000       0.0000
     37.3750       0.0000       0.0000
     37.6250       0.0000       0.0000
     37.8750       0.0000       0.0000
     38.1250       0.0000       0.0000
     38.3750       0.0000       0.0000
     38.6250       0.0000       0.0000
     38.8750       0.0000       0.0000
     39.1250       0.0000       0.0000
     39.3750       0.0000       0.0000
     39.6250       0.0000       0.0000
     39.8750       0.0000       0.0000
     40.1250       0.0000       0.0000
     40.3750       0.0000       0.0000
