#Z                :PC|:OL  sd(:PC|:OL)
    -40.8750       0.0000       0.0000
    -40.6250       0.0000       0.0000
    -40.3750       0.0000       0.0000
    -40.1250       0.0000       0.0000
    -39.8750       0.0000       0.0000
    -39.6250       0.0000       0.0000
    -39.3750       0.0000       0.0000
    -39.1250       0.0000       0.0000
    -38.8750       0.0000       0.0000
    -38.6250       0.0000       0.0000
    -38.3750       0.0000       0.0000
    -38.1250       0.0000       0.0000
    -37.8750       0.0000       0.0000
    -37.6250       0.0000       0.0000
    -37.3750       0.0000       0.0000
    -37.1250       0.0000       0.0000
    -36.8750       0.0000       0.0001
    -36.6250       0.0000       0.0000
    -36.3750       0.0000       0.0001
    -36.1250       0.0000       0.0001
    -35.8750       0.0000       0.0001
    -35.6250       0.0001       0.0001
    -35.3750       0.0001       0.0001
    -35.1250       0.0001       0.0001
    -34.8750       0.0001       0.0002
    -34.6250       0.0002       0.0002
    -34.3750       0.0002       0.0002
    -34.1250       0.0002       0.0002
    -33.8750       0.0003       0.0003
    -33.6250       0.0004       0.0003
    -33.3750       0.0005       0.0004
    -33.1250       0.0005       0.0004
    -32.8750       0.0007       0.0005
    -32.6250       0.0008       0.0005
    -32.3750       0.0010       0.0006
    -32.1250       0.0012       0.0007
    -31.8750       0.0015       0.0007
    -31.6250       0.0018       0.0008
    -31.3750       0.0022       0.0009
    -31.1250       0.0027       0.0010
    -30.8750       0.0033       0.0011
    -30.6250       0.0039       0.0012
    -30.3750       0.0045       0.0013
    -30.1250       0.0055       0.0015
    -29.8750       0.0065       0.0016
    -29.6250       0.0076       0.0018
    -29.3750       0.0090       0.0020
    -29.1250       0.0105       0.0022
    -28.8750       0.0121       0.0024
    -28.6250       0.0139       0.0025
    -28.3750       0.0162       0.0028
    -28.1250       0.0186       0.0030
    -27.8750       0.0211       0.0031
    -27.6250       0.0242       0.0034
    -27.3750       0.0274       0.0035
    -27.1250       0.0306       0.0037
    -26.8750       0.0348       0.0039
    -26.6250       0.0388       0.0040
    -26.3750       0.0432       0.0041
    -26.1250       0.0480       0.0043
    -25.8750       0.0531       0.0043
    -25.6250       0.0585       0.0044
    -25.3750       0.0642       0.0045
    -25.1250       0.0702       0.0045
    -24.8750       0.0764       0.0045
    -24.6250       0.0826       0.0044
    -24.3750       0.0892       0.0045
    -24.1250       0.0961       0.0044
    -23.8750       0.1032       0.0045
    -23.6250       0.1106       0.0044
    -23.3750       0.1175       0.0043
    -23.1250       0.1249       0.0043
    -22.8750       0.1321       0.0044
    -22.6250       0.1398       0.0044
    -22.3750       0.1477       0.0043
    -22.1250       0.1546       0.0045
    -21.8750       0.1616       0.0046
    -21.6250       0.1689       0.0048
    -21.3750       0.1753       0.0050
    -21.1250       0.1817       0.0051
    -20.8750       0.1882       0.0054
    -20.6250       0.1938       0.0055
    -20.3750       0.1999       0.0057
    -20.1250       0.2049       0.0059
    -19.8750       0.2104       0.0062
    -19.6250       0.2152       0.0062
    -19.3750       0.2188       0.0062
    -19.1250       0.2225       0.0065
    -18.8750       0.2258       0.0065
    -18.6250       0.2291       0.0065
    -18.3750       0.2311       0.0067
    -18.1250       0.2331       0.0066
    -17.8750       0.2346       0.0066
    -17.6250       0.2352       0.0065
    -17.3750       0.2352       0.0064
    -17.1250       0.2352       0.0064
    -16.8750       0.2348       0.0064
    -16.6250       0.2335       0.0063
    -16.3750       0.2322       0.0061
    -16.1250       0.2311       0.0060
    -15.8750       0.2302       0.0060
    -15.6250       0.2272       0.0059
    -15.3750       0.2251       0.0057
    -15.1250       0.2232       0.0057
    -14.8750       0.2208       0.0054
    -14.6250       0.2177       0.0054
    -14.3750       0.2147       0.0051
    -14.1250       0.2115       0.0049
    -13.8750       0.2081       0.0047
    -13.6250       0.2048       0.0046
    -13.3750       0.2013       0.0045
    -13.1250       0.1982       0.0044
    -12.8750       0.1945       0.0043
    -12.6250       0.1906       0.0042
    -12.3750       0.1873       0.0040
    -12.1250       0.1837       0.0040
    -11.8750       0.1803       0.0040
    -11.6250       0.1768       0.0040
    -11.3750       0.1740       0.0039
    -11.1250       0.1710       0.0039
    -10.8750       0.1681       0.0039
    -10.6250       0.1653       0.0039
    -10.3750       0.1629       0.0038
    -10.1250       0.1607       0.0038
     -9.8750       0.1583       0.0037
     -9.6250       0.1563       0.0036
     -9.3750       0.1547       0.0035
     -9.1250       0.1531       0.0036
     -8.8750       0.1507       0.0035
     -8.6250       0.1493       0.0034
     -8.3750       0.1478       0.0034
     -8.1250       0.1469       0.0033
     -7.8750       0.1454       0.0032
     -7.6250       0.1445       0.0033
     -7.3750       0.1429       0.0032
     -7.1250       0.1421       0.0032
     -6.8750       0.1408       0.0032
     -6.6250       0.1396       0.0031
     -6.3750       0.1385       0.0031
     -6.1250       0.1377       0.0030
     -5.8750       0.1366       0.0030
     -5.6250       0.1363       0.0031
     -5.3750       0.1345       0.0031
     -5.1250       0.1339       0.0030
     -4.8750       0.1331       0.0030
     -4.6250       0.1317       0.0030
     -4.3750       0.1312       0.0030
     -4.1250       0.1303       0.0029
     -3.8750       0.1291       0.0030
     -3.6250       0.1283       0.0030
     -3.3750       0.1277       0.0030
     -3.1250       0.1265       0.0030
     -2.8750       0.1255       0.0029
     -2.6250       0.1245       0.0029
     -2.3750       0.1235       0.0029
     -2.1250       0.1227       0.0029
     -1.8750       0.1220       0.0030
     -1.6250       0.1210       0.0029
     -1.3750       0.1204       0.0030
     -1.1250       0.1200       0.0029
     -0.8750       0.1195       0.0030
     -0.6250       0.1191       0.0030
     -0.3750       0.1188       0.0030
     -0.1250       0.1181       0.0030
      0.1250       0.1182       0.0030
      0.3750       0.1182       0.0030
      0.6250       0.1183       0.0029
      0.8750       0.1184       0.0030
      1.1250       0.1188       0.0030
      1.3750       0.1188       0.0030
      1.6250       0.1197       0.0030
      1.8750       0.1202       0.0030
      2.1250       0.1207       0.0029
      2.3750       0.1212       0.0029
      2.6250       0.1223       0.0030
      2.8750       0.1232       0.0029
      3.1250       0.1237       0.0029
      3.3750       0.1242       0.0029
      3.6250       0.1257       0.0029
      3.8750       0.1262       0.0030
      4.1250       0.1273       0.0030
      4.3750       0.1280       0.0030
      4.6250       0.1287       0.0030
      4.8750       0.1299       0.0029
      5.1250       0.1306       0.0030
      5.3750       0.1315       0.0031
      5.6250       0.1321       0.0030
      5.8750       0.1330       0.0030
      6.1250       0.1339       0.0030
      6.3750       0.1348       0.0031
      6.6250       0.1356       0.0030
      6.8750       0.1363       0.0031
      7.1250       0.1372       0.0031
      7.3750       0.1380       0.0031
      7.6250       0.1385       0.0031
      7.8750       0.1395       0.0032
      8.1250       0.1407       0.0032
      8.3750       0.1423       0.0033
      8.6250       0.1432       0.0034
      8.8750       0.1449       0.0034
      9.1250       0.1458       0.0035
      9.3750       0.1478       0.0035
      9.6250       0.1496       0.0036
      9.8750       0.1509       0.0037
     10.1250       0.1533       0.0037
     10.3750       0.1552       0.0038
     10.6250       0.1577       0.0038
     10.8750       0.1600       0.0040
     11.1250       0.1627       0.0038
     11.3750       0.1653       0.0040
     11.6250       0.1682       0.0040
     11.8750       0.1711       0.0039
     12.1250       0.1741       0.0040
     12.3750       0.1777       0.0040
     12.6250       0.1809       0.0040
     12.8750       0.1846       0.0040
     13.1250       0.1881       0.0042
     13.3750       0.1913       0.0043
     13.6250       0.1951       0.0043
     13.8750       0.1986       0.0044
     14.1250       0.2022       0.0045
     14.3750       0.2063       0.0046
     14.6250       0.2095       0.0047
     14.8750       0.2122       0.0049
     15.1250       0.2154       0.0050
     15.3750       0.2184       0.0052
     15.6250       0.2208       0.0053
     15.8750       0.2231       0.0055
     16.1250       0.2256       0.0056
     16.3750       0.2270       0.0057
     16.6250       0.2283       0.0059
     16.8750       0.2293       0.0061
     17.1250       0.2293       0.0063
     17.3750       0.2300       0.0064
     17.6250       0.2296       0.0065
     17.8750       0.2293       0.0066
     18.1250       0.2276       0.0068
     18.3750       0.2263       0.0068
     18.6250       0.2254       0.0069
     18.8750       0.2223       0.0068
     19.1250       0.2199       0.0068
     19.3750       0.2170       0.0069
     19.6250       0.2136       0.0068
     19.8750       0.2099       0.0067
     20.1250       0.2054       0.0064
     20.3750       0.2009       0.0063
     20.6250       0.1952       0.0061
     20.8750       0.1906       0.0060
     21.1250       0.1848       0.0057
     21.3750       0.1783       0.0055
     21.6250       0.1720       0.0053
     21.8750       0.1653       0.0050
     22.1250       0.1580       0.0048
     22.3750       0.1513       0.0046
     22.6250       0.1448       0.0044
     22.8750       0.1372       0.0043
     23.1250       0.1296       0.0042
     23.3750       0.1226       0.0041
     23.6250       0.1155       0.0041
     23.8750       0.1084       0.0042
     24.1250       0.1015       0.0042
     24.3750       0.0950       0.0042
     24.6250       0.0884       0.0044
     24.8750       0.0817       0.0043
     25.1250       0.0755       0.0043
     25.3750       0.0695       0.0044
     25.6250       0.0637       0.0043
     25.8750       0.0585       0.0043
     26.1250       0.0531       0.0043
     26.3750       0.0484       0.0042
     26.6250       0.0440       0.0042
     26.8750       0.0398       0.0041
     27.1250       0.0358       0.0039
     27.3750       0.0322       0.0038
     27.6250       0.0289       0.0037
     27.8750       0.0257       0.0036
     28.1250       0.0230       0.0035
     28.3750       0.0204       0.0033
     28.6250       0.0179       0.0031
     28.8750       0.0159       0.0030
     29.1250       0.0140       0.0027
     29.3750       0.0121       0.0025
     29.6250       0.0105       0.0024
     29.8750       0.0092       0.0022
     30.1250       0.0080       0.0021
     30.3750       0.0069       0.0019
     30.6250       0.0059       0.0017
     30.8750       0.0050       0.0015
     31.1250       0.0043       0.0014
     31.3750       0.0037       0.0013
     31.6250       0.0031       0.0012
     31.8750       0.0026       0.0011
     32.1250       0.0023       0.0010
     32.3750       0.0019       0.0009
     32.6250       0.0016       0.0008
     32.8750       0.0013       0.0007
     33.1250       0.0011       0.0007
     33.3750       0.0009       0.0006
     33.6250       0.0008       0.0005
     33.8750       0.0006       0.0005
     34.1250       0.0005       0.0004
     34.3750       0.0004       0.0004
     34.6250       0.0003       0.0003
     34.8750       0.0003       0.0003
     35.1250       0.0002       0.0003
     35.3750       0.0002       0.0002
     35.6250       0.0001       0.0002
     35.8750       0.0001       0.0002
     36.1250       0.0001       0.0001
     36.3750       0.0001       0.0001
     36.6250       0.0001       0.0001
     36.8750       0.0000       0.0001
     37.1250       0.0000       0.0001
     37.3750       0.0000       0.0001
     37.6250       0.0000       0.0001
     37.8750       0.0000       0.0001
     38.1250       0.0000       0.0000
     38.3750       0.0000       0.0000
     38.6250       0.0000       0.0000
     38.8750       0.0000       0.0000
     39.1250       0.0000       0.0000
     39.3750       0.0000       0.0000
     39.6250       0.0000       0.0000
     39.8750       0.0000       0.0000
     40.1250       0.0000       0.0000
     40.3750       0.0000       0.0000
     40.6250       0.0000       0.0000
     40.8750       0.0000       0.0000
     41.1250       0.0000       0.0000
     41.3750       0.0000       0.0000
     41.6250       0.0000       0.0000
     41.8750       0.0000       0.0000
