#Z                :PC|:OL  sd(:PC|:OL)
    -38.8750       0.0000       0.0000
    -38.6250       0.0000       0.0000
    -38.3750       0.0000       0.0000
    -38.1250       0.0000       0.0000
    -37.8750       0.0000       0.0000
    -37.6250       0.0000       0.0000
    -37.3750       0.0000       0.0000
    -37.1250       0.0000       0.0000
    -36.8750       0.0000       0.0000
    -36.6250       0.0000       0.0000
    -36.3750       0.0000       0.0000
    -36.1250       0.0000       0.0000
    -35.8750       0.0000       0.0000
    -35.6250       0.0000       0.0000
    -35.3750       0.0000       0.0000
    -35.1250       0.0000       0.0001
    -34.8750       0.0000       0.0001
    -34.6250       0.0001       0.0001
    -34.3750       0.0001       0.0001
    -34.1250       0.0001       0.0001
    -33.8750       0.0001       0.0001
    -33.6250       0.0002       0.0001
    -33.3750       0.0002       0.0002
    -33.1250       0.0002       0.0002
    -32.8750       0.0003       0.0002
    -32.6250       0.0004       0.0002
    -32.3750       0.0005       0.0003
    -32.1250       0.0006       0.0003
    -31.8750       0.0008       0.0004
    -31.6250       0.0010       0.0004
    -31.3750       0.0012       0.0005
    -31.1250       0.0015       0.0006
    -30.8750       0.0018       0.0006
    -30.6250       0.0023       0.0007
    -30.3750       0.0027       0.0008
    -30.1250       0.0033       0.0009
    -29.8750       0.0040       0.0010
    -29.6250       0.0048       0.0011
    -29.3750       0.0058       0.0012
    -29.1250       0.0068       0.0014
    -28.8750       0.0081       0.0015
    -28.6250       0.0095       0.0016
    -28.3750       0.0113       0.0018
    -28.1250       0.0131       0.0019
    -27.8750       0.0151       0.0020
    -27.6250       0.0177       0.0022
    -27.3750       0.0203       0.0024
    -27.1250       0.0235       0.0026
    -26.8750       0.0269       0.0027
    -26.6250       0.0305       0.0028
    -26.3750       0.0346       0.0030
    -26.1250       0.0390       0.0031
    -25.8750       0.0438       0.0032
    -25.6250       0.0489       0.0033
    -25.3750       0.0548       0.0034
    -25.1250       0.0606       0.0036
    -24.8750       0.0671       0.0036
    -24.6250       0.0738       0.0036
    -24.3750       0.0807       0.0037
    -24.1250       0.0883       0.0038
    -23.8750       0.0960       0.0038
    -23.6250       0.1040       0.0039
    -23.3750       0.1121       0.0039
    -23.1250       0.1205       0.0041
    -22.8750       0.1291       0.0041
    -22.6250       0.1377       0.0042
    -22.3750       0.1461       0.0044
    -22.1250       0.1549       0.0046
    -21.8750       0.1627       0.0047
    -21.6250       0.1710       0.0048
    -21.3750       0.1791       0.0050
    -21.1250       0.1867       0.0051
    -20.8750       0.1941       0.0052
    -20.6250       0.2013       0.0054
    -20.3750       0.2075       0.0055
    -20.1250       0.2135       0.0056
    -19.8750       0.2191       0.0056
    -19.6250       0.2242       0.0058
    -19.3750       0.2286       0.0057
    -19.1250       0.2328       0.0058
    -18.8750       0.2363       0.0058
    -18.6250       0.2393       0.0058
    -18.3750       0.2415       0.0058
    -18.1250       0.2434       0.0057
    -17.8750       0.2454       0.0057
    -17.6250       0.2459       0.0056
    -17.3750       0.2463       0.0056
    -17.1250       0.2464       0.0056
    -16.8750       0.2457       0.0055
    -16.6250       0.2445       0.0055
    -16.3750       0.2431       0.0054
    -16.1250       0.2411       0.0053
    -15.8750       0.2393       0.0053
    -15.6250       0.2366       0.0051
    -15.3750       0.2335       0.0051
    -15.1250       0.2306       0.0050
    -14.8750       0.2270       0.0048
    -14.6250       0.2233       0.0048
    -14.3750       0.2195       0.0047
    -14.1250       0.2158       0.0045
    -13.8750       0.2113       0.0045
    -13.6250       0.2076       0.0044
    -13.3750       0.2034       0.0043
    -13.1250       0.1991       0.0042
    -12.8750       0.1951       0.0042
    -12.6250       0.1904       0.0041
    -12.3750       0.1867       0.0041
    -12.1250       0.1823       0.0040
    -11.8750       0.1785       0.0040
    -11.6250       0.1750       0.0039
    -11.3750       0.1714       0.0039
    -11.1250       0.1681       0.0038
    -10.8750       0.1652       0.0038
    -10.6250       0.1619       0.0037
    -10.3750       0.1598       0.0036
    -10.1250       0.1571       0.0036
     -9.8750       0.1551       0.0035
     -9.6250       0.1528       0.0035
     -9.3750       0.1511       0.0034
     -9.1250       0.1494       0.0034
     -8.8750       0.1480       0.0033
     -8.6250       0.1470       0.0033
     -8.3750       0.1457       0.0033
     -8.1250       0.1446       0.0032
     -7.8750       0.1439       0.0031
     -7.6250       0.1429       0.0031
     -7.3750       0.1420       0.0031
     -7.1250       0.1413       0.0031
     -6.8750       0.1406       0.0031
     -6.6250       0.1397       0.0031
     -6.3750       0.1389       0.0031
     -6.1250       0.1384       0.0031
     -5.8750       0.1374       0.0030
     -5.6250       0.1367       0.0030
     -5.3750       0.1359       0.0030
     -5.1250       0.1350       0.0030
     -4.8750       0.1341       0.0030
     -4.6250       0.1329       0.0030
     -4.3750       0.1319       0.0030
     -4.1250       0.1310       0.0030
     -3.8750       0.1299       0.0030
     -3.6250       0.1289       0.0029
     -3.3750       0.1277       0.0029
     -3.1250       0.1268       0.0030
     -2.8750       0.1255       0.0029
     -2.6250       0.1243       0.0030
     -2.3750       0.1232       0.0029
     -2.1250       0.1222       0.0029
     -1.8750       0.1212       0.0029
     -1.6250       0.1203       0.0030
     -1.3750       0.1192       0.0029
     -1.1250       0.1184       0.0029
     -0.8750       0.1179       0.0029
     -0.6250       0.1173       0.0029
     -0.3750       0.1169       0.0029
     -0.1250       0.1167       0.0029
      0.1250       0.1164       0.0029
      0.3750       0.1164       0.0029
      0.6250       0.1164       0.0029
      0.8750       0.1166       0.0029
      1.1250       0.1169       0.0029
      1.3750       0.1175       0.0029
      1.6250       0.1181       0.0029
      1.8750       0.1187       0.0029
      2.1250       0.1193       0.0029
      2.3750       0.1203       0.0029
      2.6250       0.1212       0.0029
      2.8750       0.1218       0.0029
      3.1250       0.1230       0.0029
      3.3750       0.1239       0.0029
      3.6250       0.1248       0.0029
      3.8750       0.1261       0.0029
      4.1250       0.1271       0.0029
      4.3750       0.1279       0.0029
      4.6250       0.1289       0.0030
      4.8750       0.1300       0.0030
      5.1250       0.1306       0.0030
      5.3750       0.1318       0.0030
      5.6250       0.1325       0.0030
      5.8750       0.1334       0.0030
      6.1250       0.1339       0.0030
      6.3750       0.1350       0.0030
      6.6250       0.1355       0.0030
      6.8750       0.1364       0.0031
      7.1250       0.1370       0.0031
      7.3750       0.1375       0.0031
      7.6250       0.1385       0.0031
      7.8750       0.1392       0.0031
      8.1250       0.1398       0.0032
      8.3750       0.1410       0.0032
      8.6250       0.1416       0.0032
      8.8750       0.1430       0.0033
      9.1250       0.1438       0.0033
      9.3750       0.1450       0.0034
      9.6250       0.1465       0.0034
      9.8750       0.1481       0.0034
     10.1250       0.1495       0.0035
     10.3750       0.1514       0.0037
     10.6250       0.1535       0.0037
     10.8750       0.1554       0.0037
     11.1250       0.1583       0.0037
     11.3750       0.1605       0.0038
     11.6250       0.1633       0.0038
     11.8750       0.1667       0.0039
     12.1250       0.1696       0.0039
     12.3750       0.1732       0.0039
     12.6250       0.1768       0.0041
     12.8750       0.1807       0.0040
     13.1250       0.1848       0.0040
     13.3750       0.1887       0.0041
     13.6250       0.1932       0.0042
     13.8750       0.1974       0.0043
     14.1250       0.2016       0.0045
     14.3750       0.2056       0.0045
     14.6250       0.2098       0.0046
     14.8750       0.2137       0.0047
     15.1250       0.2177       0.0048
     15.3750       0.2210       0.0049
     15.6250       0.2239       0.0050
     15.8750       0.2272       0.0051
     16.1250       0.2301       0.0052
     16.3750       0.2326       0.0053
     16.6250       0.2343       0.0054
     16.8750       0.2362       0.0055
     17.1250       0.2370       0.0056
     17.3750       0.2383       0.0057
     17.6250       0.2387       0.0056
     17.8750       0.2382       0.0058
     18.1250       0.2380       0.0058
     18.3750       0.2371       0.0059
     18.6250       0.2355       0.0057
     18.8750       0.2335       0.0058
     19.1250       0.2310       0.0058
     19.3750       0.2282       0.0058
     19.6250       0.2251       0.0057
     19.8750       0.2207       0.0057
     20.1250       0.2163       0.0057
     20.3750       0.2111       0.0056
     20.6250       0.2061       0.0055
     20.8750       0.2002       0.0054
     21.1250       0.1940       0.0052
     21.3750       0.1873       0.0051
     21.6250       0.1801       0.0050
     21.8750       0.1723       0.0048
     22.1250       0.1651       0.0047
     22.3750       0.1574       0.0045
     22.6250       0.1487       0.0044
     22.8750       0.1405       0.0043
     23.1250       0.1324       0.0042
     23.3750       0.1241       0.0041
     23.6250       0.1157       0.0040
     23.8750       0.1077       0.0041
     24.1250       0.0995       0.0039
     24.3750       0.0918       0.0040
     24.6250       0.0840       0.0038
     24.8750       0.0767       0.0038
     25.1250       0.0697       0.0037
     25.3750       0.0632       0.0036
     25.6250       0.0569       0.0036
     25.8750       0.0511       0.0035
     26.1250       0.0457       0.0033
     26.3750       0.0406       0.0032
     26.6250       0.0360       0.0031
     26.8750       0.0317       0.0029
     27.1250       0.0277       0.0027
     27.3750       0.0241       0.0026
     27.6250       0.0209       0.0024
     27.8750       0.0181       0.0022
     28.1250       0.0155       0.0021
     28.3750       0.0132       0.0019
     28.6250       0.0113       0.0017
     28.8750       0.0095       0.0016
     29.1250       0.0080       0.0014
     29.3750       0.0067       0.0013
     29.6250       0.0055       0.0012
     29.8750       0.0046       0.0011
     30.1250       0.0038       0.0009
     30.3750       0.0030       0.0008
     30.6250       0.0025       0.0007
     30.8750       0.0020       0.0006
     31.1250       0.0016       0.0006
     31.3750       0.0013       0.0005
     31.6250       0.0010       0.0004
     31.8750       0.0008       0.0004
     32.1250       0.0006       0.0003
     32.3750       0.0005       0.0003
     32.6250       0.0004       0.0002
     32.8750       0.0003       0.0002
     33.1250       0.0002       0.0002
     33.3750       0.0002       0.0001
     33.6250       0.0001       0.0001
     33.8750       0.0001       0.0001
     34.1250       0.0001       0.0001
     34.3750       0.0000       0.0001
     34.6250       0.0000       0.0001
     34.8750       0.0000       0.0001
     35.1250       0.0000       0.0000
     35.3750       0.0000       0.0000
     35.6250       0.0000       0.0000
     35.8750       0.0000       0.0000
     36.1250       0.0000       0.0000
     36.3750       0.0000       0.0000
     36.6250       0.0000       0.0000
     36.8750       0.0000       0.0000
     37.1250       0.0000       0.0000
     37.3750       0.0000       0.0000
     37.6250       0.0000       0.0000
     37.8750       0.0000       0.0000
     38.1250       0.0000       0.0000
     38.3750       0.0000       0.0000
     38.6250       0.0000       0.0000
     38.8750       0.0000       0.0000
     39.1250       0.0000       0.0000
