#Z                :PC|:OL  sd(:PC|:OL)
    -37.8750       0.0000       0.0000
    -37.6250       0.0000       0.0000
    -37.3750       0.0000       0.0000
    -37.1250       0.0000       0.0000
    -36.8750       0.0000       0.0000
    -36.6250       0.0000       0.0000
    -36.3750       0.0000       0.0000
    -36.1250       0.0000       0.0000
    -35.8750       0.0000       0.0000
    -35.6250       0.0000       0.0000
    -35.3750       0.0000       0.0000
    -35.1250       0.0000       0.0000
    -34.8750       0.0000       0.0001
    -34.6250       0.0000       0.0001
    -34.3750       0.0000       0.0001
    -34.1250       0.0001       0.0001
    -33.8750       0.0001       0.0001
    -33.6250       0.0001       0.0001
    -33.3750       0.0001       0.0001
    -33.1250       0.0002       0.0002
    -32.8750       0.0002       0.0002
    -32.6250       0.0003       0.0002
    -32.3750       0.0004       0.0003
    -32.1250       0.0005       0.0003
    -31.8750       0.0006       0.0003
    -31.6250       0.0008       0.0004
    -31.3750       0.0010       0.0004
    -31.1250       0.0012       0.0005
    -30.8750       0.0016       0.0006
    -30.6250       0.0019       0.0007
    -30.3750       0.0023       0.0007
    -30.1250       0.0029       0.0008
    -29.8750       0.0035       0.0009
    -29.6250       0.0043       0.0010
    -29.3750       0.0051       0.0012
    -29.1250       0.0062       0.0013
    -28.8750       0.0073       0.0014
    -28.6250       0.0086       0.0015
    -28.3750       0.0104       0.0017
    -28.1250       0.0121       0.0018
    -27.8750       0.0142       0.0019
    -27.6250       0.0166       0.0021
    -27.3750       0.0192       0.0022
    -27.1250       0.0221       0.0024
    -26.8750       0.0255       0.0025
    -26.6250       0.0291       0.0026
    -26.3750       0.0331       0.0027
    -26.1250       0.0375       0.0028
    -25.8750       0.0423       0.0029
    -25.6250       0.0476       0.0030
    -25.3750       0.0534       0.0032
    -25.1250       0.0591       0.0032
    -24.8750       0.0657       0.0033
    -24.6250       0.0727       0.0035
    -24.3750       0.0799       0.0035
    -24.1250       0.0875       0.0036
    -23.8750       0.0953       0.0037
    -23.6250       0.1034       0.0038
    -23.3750       0.1120       0.0039
    -23.1250       0.1204       0.0040
    -22.8750       0.1290       0.0041
    -22.6250       0.1380       0.0042
    -22.3750       0.1468       0.0043
    -22.1250       0.1557       0.0046
    -21.8750       0.1641       0.0047
    -21.6250       0.1727       0.0048
    -21.3750       0.1807       0.0050
    -21.1250       0.1884       0.0052
    -20.8750       0.1964       0.0052
    -20.6250       0.2041       0.0054
    -20.3750       0.2102       0.0055
    -20.1250       0.2161       0.0055
    -19.8750       0.2225       0.0057
    -19.6250       0.2272       0.0057
    -19.3750       0.2314       0.0056
    -19.1250       0.2352       0.0058
    -18.8750       0.2389       0.0058
    -18.6250       0.2415       0.0057
    -18.3750       0.2443       0.0056
    -18.1250       0.2458       0.0057
    -17.8750       0.2469       0.0056
    -17.6250       0.2480       0.0055
    -17.3750       0.2483       0.0055
    -17.1250       0.2479       0.0055
    -16.8750       0.2476       0.0054
    -16.6250       0.2463       0.0053
    -16.3750       0.2454       0.0052
    -16.1250       0.2428       0.0052
    -15.8750       0.2414       0.0051
    -15.6250       0.2387       0.0050
    -15.3750       0.2360       0.0050
    -15.1250       0.2325       0.0050
    -14.8750       0.2293       0.0049
    -14.6250       0.2250       0.0048
    -14.3750       0.2209       0.0046
    -14.1250       0.2164       0.0045
    -13.8750       0.2122       0.0045
    -13.6250       0.2077       0.0045
    -13.3750       0.2033       0.0043
    -13.1250       0.1988       0.0043
    -12.8750       0.1941       0.0042
    -12.6250       0.1897       0.0041
    -12.3750       0.1854       0.0040
    -12.1250       0.1812       0.0040
    -11.8750       0.1772       0.0039
    -11.6250       0.1733       0.0039
    -11.3750       0.1700       0.0038
    -11.1250       0.1667       0.0038
    -10.8750       0.1638       0.0038
    -10.6250       0.1609       0.0036
    -10.3750       0.1583       0.0035
    -10.1250       0.1558       0.0035
     -9.8750       0.1539       0.0035
     -9.6250       0.1517       0.0035
     -9.3750       0.1498       0.0034
     -9.1250       0.1483       0.0034
     -8.8750       0.1469       0.0033
     -8.6250       0.1456       0.0032
     -8.3750       0.1443       0.0032
     -8.1250       0.1437       0.0032
     -7.8750       0.1427       0.0031
     -7.6250       0.1416       0.0031
     -7.3750       0.1408       0.0030
     -7.1250       0.1400       0.0031
     -6.8750       0.1395       0.0031
     -6.6250       0.1387       0.0031
     -6.3750       0.1378       0.0030
     -6.1250       0.1369       0.0031
     -5.8750       0.1362       0.0030
     -5.6250       0.1360       0.0030
     -5.3750       0.1350       0.0030
     -5.1250       0.1342       0.0030
     -4.8750       0.1332       0.0030
     -4.6250       0.1326       0.0030
     -4.3750       0.1313       0.0030
     -4.1250       0.1305       0.0029
     -3.8750       0.1294       0.0029
     -3.6250       0.1285       0.0030
     -3.3750       0.1273       0.0029
     -3.1250       0.1267       0.0029
     -2.8750       0.1252       0.0029
     -2.6250       0.1243       0.0029
     -2.3750       0.1232       0.0029
     -2.1250       0.1222       0.0029
     -1.8750       0.1210       0.0029
     -1.6250       0.1204       0.0029
     -1.3750       0.1194       0.0029
     -1.1250       0.1189       0.0029
     -0.8750       0.1182       0.0029
     -0.6250       0.1173       0.0028
     -0.3750       0.1167       0.0029
     -0.1250       0.1165       0.0029
      0.1250       0.1165       0.0029
      0.3750       0.1165       0.0029
      0.6250       0.1163       0.0029
      0.8750       0.1166       0.0029
      1.1250       0.1170       0.0029
      1.3750       0.1174       0.0029
      1.6250       0.1178       0.0029
      1.8750       0.1186       0.0029
      2.1250       0.1197       0.0028
      2.3750       0.1200       0.0029
      2.6250       0.1209       0.0029
      2.8750       0.1221       0.0029
      3.1250       0.1231       0.0029
      3.3750       0.1240       0.0029
      3.6250       0.1250       0.0029
      3.8750       0.1259       0.0029
      4.1250       0.1272       0.0030
      4.3750       0.1281       0.0030
      4.6250       0.1290       0.0030
      4.8750       0.1300       0.0029
      5.1250       0.1310       0.0030
      5.3750       0.1317       0.0030
      5.6250       0.1327       0.0030
      5.8750       0.1335       0.0030
      6.1250       0.1343       0.0030
      6.3750       0.1349       0.0030
      6.6250       0.1355       0.0030
      6.8750       0.1363       0.0031
      7.1250       0.1369       0.0030
      7.3750       0.1379       0.0031
      7.6250       0.1385       0.0031
      7.8750       0.1388       0.0031
      8.1250       0.1398       0.0031
      8.3750       0.1406       0.0032
      8.6250       0.1415       0.0032
      8.8750       0.1423       0.0032
      9.1250       0.1431       0.0033
      9.3750       0.1442       0.0033
      9.6250       0.1455       0.0033
      9.8750       0.1468       0.0034
     10.1250       0.1483       0.0034
     10.3750       0.1498       0.0035
     10.6250       0.1519       0.0035
     10.8750       0.1540       0.0036
     11.1250       0.1560       0.0037
     11.3750       0.1585       0.0037
     11.6250       0.1616       0.0037
     11.8750       0.1650       0.0038
     12.1250       0.1682       0.0038
     12.3750       0.1721       0.0039
     12.6250       0.1758       0.0040
     12.8750       0.1798       0.0040
     13.1250       0.1839       0.0041
     13.3750       0.1881       0.0041
     13.6250       0.1924       0.0042
     13.8750       0.1963       0.0043
     14.1250       0.2013       0.0043
     14.3750       0.2051       0.0045
     14.6250       0.2094       0.0046
     14.8750       0.2137       0.0047
     15.1250       0.2172       0.0048
     15.3750       0.2202       0.0050
     15.6250       0.2240       0.0050
     15.8750       0.2265       0.0050
     16.1250       0.2296       0.0050
     16.3750       0.2315       0.0052
     16.6250       0.2332       0.0052
     16.8750       0.2348       0.0053
     17.1250       0.2362       0.0054
     17.3750       0.2371       0.0053
     17.6250       0.2381       0.0054
     17.8750       0.2384       0.0055
     18.1250       0.2380       0.0056
     18.3750       0.2370       0.0056
     18.6250       0.2361       0.0057
     18.8750       0.2344       0.0056
     19.1250       0.2322       0.0056
     19.3750       0.2291       0.0057
     19.6250       0.2262       0.0056
     19.8750       0.2226       0.0056
     20.1250       0.2185       0.0056
     20.3750       0.2138       0.0055
     20.6250       0.2083       0.0054
     20.8750       0.2024       0.0052
     21.1250       0.1958       0.0051
     21.3750       0.1887       0.0050
     21.6250       0.1817       0.0049
     21.8750       0.1739       0.0047
     22.1250       0.1662       0.0046
     22.3750       0.1580       0.0044
     22.6250       0.1494       0.0043
     22.8750       0.1409       0.0042
     23.1250       0.1325       0.0040
     23.3750       0.1245       0.0040
     23.6250       0.1155       0.0039
     23.8750       0.1072       0.0038
     24.1250       0.0992       0.0038
     24.3750       0.0914       0.0036
     24.6250       0.0838       0.0036
     24.8750       0.0767       0.0036
     25.1250       0.0699       0.0035
     25.3750       0.0631       0.0034
     25.6250       0.0568       0.0034
     25.8750       0.0511       0.0033
     26.1250       0.0458       0.0032
     26.3750       0.0406       0.0031
     26.6250       0.0361       0.0029
     26.8750       0.0318       0.0028
     27.1250       0.0278       0.0027
     27.3750       0.0244       0.0025
     27.6250       0.0212       0.0024
     27.8750       0.0183       0.0022
     28.1250       0.0158       0.0021
     28.3750       0.0135       0.0019
     28.6250       0.0115       0.0018
     28.8750       0.0097       0.0016
     29.1250       0.0082       0.0015
     29.3750       0.0068       0.0013
     29.6250       0.0057       0.0012
     29.8750       0.0046       0.0011
     30.1250       0.0039       0.0010
     30.3750       0.0032       0.0009
     30.6250       0.0026       0.0008
     30.8750       0.0021       0.0007
     31.1250       0.0017       0.0006
     31.3750       0.0014       0.0005
     31.6250       0.0011       0.0005
     31.8750       0.0009       0.0004
     32.1250       0.0007       0.0003
     32.3750       0.0005       0.0003
     32.6250       0.0004       0.0002
     32.8750       0.0003       0.0002
     33.1250       0.0002       0.0002
     33.3750       0.0002       0.0002
     33.6250       0.0001       0.0001
     33.8750       0.0001       0.0001
     34.1250       0.0001       0.0001
     34.3750       0.0001       0.0001
     34.6250       0.0000       0.0001
     34.8750       0.0000       0.0001
     35.1250       0.0000       0.0000
     35.3750       0.0000       0.0000
     35.6250       0.0000       0.0000
     35.8750       0.0000       0.0000
     36.1250       0.0000       0.0000
     36.3750       0.0000       0.0000
     36.6250       0.0000       0.0000
     36.8750       0.0000       0.0000
     37.1250       0.0000       0.0000
     37.3750       0.0000       0.0000
     37.6250       0.0000       0.0000
     37.8750       0.0000       0.0000
     38.1250       0.0000       0.0000
     38.3750       0.0000       0.0000
     38.6250       0.0000       0.0000
     38.8750       0.0000       0.0000
     39.1250       0.0000       0.0000
