#Z                :PC|:OL  sd(:PC|:OL)
    -39.8750       0.0000       0.0000
    -39.6250       0.0000       0.0000
    -39.3750       0.0000       0.0000
    -39.1250       0.0000       0.0000
    -38.8750       0.0000       0.0000
    -38.6250       0.0000       0.0000
    -38.3750       0.0000       0.0000
    -38.1250       0.0000       0.0000
    -37.8750       0.0000       0.0000
    -37.6250       0.0000       0.0000
    -37.3750       0.0000       0.0000
    -37.1250       0.0000       0.0000
    -36.8750       0.0000       0.0000
    -36.6250       0.0000       0.0000
    -36.3750       0.0000       0.0000
    -36.1250       0.0000       0.0000
    -35.8750       0.0000       0.0000
    -35.6250       0.0000       0.0000
    -35.3750       0.0000       0.0000
    -35.1250       0.0000       0.0000
    -34.8750       0.0000       0.0001
    -34.6250       0.0000       0.0001
    -34.3750       0.0001       0.0001
    -34.1250       0.0001       0.0001
    -33.8750       0.0001       0.0001
    -33.6250       0.0001       0.0001
    -33.3750       0.0002       0.0002
    -33.1250       0.0002       0.0002
    -32.8750       0.0003       0.0002
    -32.6250       0.0004       0.0003
    -32.3750       0.0005       0.0003
    -32.1250       0.0007       0.0004
    -31.8750       0.0008       0.0004
    -31.6250       0.0010       0.0005
    -31.3750       0.0013       0.0005
    -31.1250       0.0016       0.0006
    -30.8750       0.0021       0.0007
    -30.6250       0.0025       0.0008
    -30.3750       0.0031       0.0009
    -30.1250       0.0039       0.0010
    -29.8750       0.0046       0.0011
    -29.6250       0.0056       0.0013
    -29.3750       0.0068       0.0014
    -29.1250       0.0081       0.0016
    -28.8750       0.0096       0.0017
    -28.6250       0.0113       0.0019
    -28.3750       0.0132       0.0020
    -28.1250       0.0155       0.0022
    -27.8750       0.0181       0.0024
    -27.6250       0.0207       0.0026
    -27.3750       0.0239       0.0028
    -27.1250       0.0274       0.0030
    -26.8750       0.0311       0.0032
    -26.6250       0.0353       0.0034
    -26.3750       0.0397       0.0035
    -26.1250       0.0446       0.0036
    -25.8750       0.0495       0.0038
    -25.6250       0.0553       0.0039
    -25.3750       0.0614       0.0040
    -25.1250       0.0676       0.0040
    -24.8750       0.0742       0.0041
    -24.6250       0.0813       0.0041
    -24.3750       0.0883       0.0042
    -24.1250       0.0959       0.0043
    -23.8750       0.1035       0.0043
    -23.6250       0.1113       0.0043
    -23.3750       0.1192       0.0043
    -23.1250       0.1272       0.0044
    -22.8750       0.1349       0.0044
    -22.6250       0.1429       0.0043
    -22.3750       0.1509       0.0045
    -22.1250       0.1588       0.0046
    -21.8750       0.1660       0.0047
    -21.6250       0.1732       0.0049
    -21.3750       0.1803       0.0050
    -21.1250       0.1871       0.0051
    -20.8750       0.1934       0.0053
    -20.6250       0.1994       0.0053
    -20.3750       0.2050       0.0055
    -20.1250       0.2106       0.0057
    -19.8750       0.2154       0.0057
    -19.6250       0.2197       0.0058
    -19.3750       0.2234       0.0059
    -19.1250       0.2267       0.0060
    -18.8750       0.2302       0.0060
    -18.6250       0.2321       0.0060
    -18.3750       0.2345       0.0059
    -18.1250       0.2358       0.0059
    -17.8750       0.2375       0.0059
    -17.6250       0.2384       0.0059
    -17.3750       0.2387       0.0059
    -17.1250       0.2383       0.0059
    -16.8750       0.2382       0.0058
    -16.6250       0.2370       0.0058
    -16.3750       0.2355       0.0056
    -16.1250       0.2338       0.0057
    -15.8750       0.2319       0.0056
    -15.6250       0.2292       0.0054
    -15.3750       0.2271       0.0054
    -15.1250       0.2238       0.0052
    -14.8750       0.2207       0.0051
    -14.6250       0.2173       0.0050
    -14.3750       0.2141       0.0048
    -14.1250       0.2103       0.0047
    -13.8750       0.2066       0.0046
    -13.6250       0.2031       0.0044
    -13.3750       0.1990       0.0044
    -13.1250       0.1952       0.0043
    -12.8750       0.1915       0.0043
    -12.6250       0.1882       0.0041
    -12.3750       0.1843       0.0041
    -12.1250       0.1806       0.0040
    -11.8750       0.1778       0.0040
    -11.6250       0.1744       0.0040
    -11.3750       0.1710       0.0039
    -11.1250       0.1683       0.0039
    -10.8750       0.1660       0.0038
    -10.6250       0.1631       0.0038
    -10.3750       0.1609       0.0037
    -10.1250       0.1585       0.0036
     -9.8750       0.1565       0.0036
     -9.6250       0.1547       0.0035
     -9.3750       0.1531       0.0035
     -9.1250       0.1514       0.0035
     -8.8750       0.1499       0.0033
     -8.6250       0.1486       0.0034
     -8.3750       0.1475       0.0033
     -8.1250       0.1465       0.0033
     -7.8750       0.1449       0.0032
     -7.6250       0.1438       0.0032
     -7.3750       0.1428       0.0032
     -7.1250       0.1420       0.0032
     -6.8750       0.1411       0.0032
     -6.6250       0.1399       0.0031
     -6.3750       0.1390       0.0031
     -6.1250       0.1380       0.0031
     -5.8750       0.1372       0.0031
     -5.6250       0.1360       0.0030
     -5.3750       0.1354       0.0030
     -5.1250       0.1345       0.0030
     -4.8750       0.1334       0.0031
     -4.6250       0.1323       0.0030
     -4.3750       0.1313       0.0030
     -4.1250       0.1302       0.0030
     -3.8750       0.1292       0.0030
     -3.6250       0.1283       0.0030
     -3.3750       0.1269       0.0029
     -3.1250       0.1260       0.0030
     -2.8750       0.1252       0.0029
     -2.6250       0.1242       0.0029
     -2.3750       0.1234       0.0029
     -2.1250       0.1225       0.0029
     -1.8750       0.1216       0.0029
     -1.6250       0.1206       0.0029
     -1.3750       0.1202       0.0029
     -1.1250       0.1198       0.0029
     -0.8750       0.1193       0.0029
     -0.6250       0.1188       0.0030
     -0.3750       0.1187       0.0029
     -0.1250       0.1184       0.0029
      0.1250       0.1184       0.0029
      0.3750       0.1181       0.0029
      0.6250       0.1186       0.0029
      0.8750       0.1185       0.0029
      1.1250       0.1192       0.0029
      1.3750       0.1195       0.0029
      1.6250       0.1199       0.0029
      1.8750       0.1207       0.0030
      2.1250       0.1210       0.0029
      2.3750       0.1220       0.0029
      2.6250       0.1226       0.0029
      2.8750       0.1234       0.0029
      3.1250       0.1240       0.0029
      3.3750       0.1254       0.0030
      3.6250       0.1263       0.0030
      3.8750       0.1267       0.0030
      4.1250       0.1277       0.0030
      4.3750       0.1284       0.0030
      4.6250       0.1294       0.0029
      4.8750       0.1302       0.0030
      5.1250       0.1308       0.0030
      5.3750       0.1317       0.0030
      5.6250       0.1324       0.0030
      5.8750       0.1331       0.0030
      6.1250       0.1340       0.0030
      6.3750       0.1345       0.0030
      6.6250       0.1352       0.0030
      6.8750       0.1360       0.0031
      7.1250       0.1368       0.0031
      7.3750       0.1379       0.0031
      7.6250       0.1384       0.0031
      7.8750       0.1392       0.0031
      8.1250       0.1405       0.0031
      8.3750       0.1413       0.0032
      8.6250       0.1425       0.0033
      8.8750       0.1436       0.0033
      9.1250       0.1451       0.0033
      9.3750       0.1464       0.0033
      9.6250       0.1482       0.0035
      9.8750       0.1497       0.0035
     10.1250       0.1516       0.0036
     10.3750       0.1540       0.0037
     10.6250       0.1562       0.0038
     10.8750       0.1587       0.0038
     11.1250       0.1612       0.0039
     11.3750       0.1643       0.0039
     11.6250       0.1677       0.0040
     11.8750       0.1706       0.0039
     12.1250       0.1740       0.0040
     12.3750       0.1776       0.0041
     12.6250       0.1812       0.0041
     12.8750       0.1854       0.0042
     13.1250       0.1890       0.0041
     13.3750       0.1931       0.0042
     13.6250       0.1966       0.0043
     13.8750       0.2004       0.0044
     14.1250       0.2041       0.0045
     14.3750       0.2081       0.0045
     14.6250       0.2110       0.0046
     14.8750       0.2148       0.0047
     15.1250       0.2180       0.0048
     15.3750       0.2207       0.0049
     15.6250       0.2235       0.0051
     15.8750       0.2260       0.0051
     16.1250       0.2280       0.0052
     16.3750       0.2302       0.0053
     16.6250       0.2314       0.0055
     16.8750       0.2331       0.0056
     17.1250       0.2336       0.0057
     17.3750       0.2342       0.0057
     17.6250       0.2346       0.0059
     17.8750       0.2341       0.0060
     18.1250       0.2333       0.0061
     18.3750       0.2319       0.0062
     18.6250       0.2305       0.0062
     18.8750       0.2277       0.0063
     19.1250       0.2249       0.0062
     19.3750       0.2214       0.0062
     19.6250       0.2176       0.0061
     19.8750       0.2131       0.0061
     20.1250       0.2087       0.0060
     20.3750       0.2035       0.0059
     20.6250       0.1972       0.0058
     20.8750       0.1916       0.0057
     21.1250       0.1854       0.0055
     21.3750       0.1783       0.0053
     21.6250       0.1719       0.0051
     21.8750       0.1646       0.0049
     22.1250       0.1573       0.0047
     22.3750       0.1497       0.0045
     22.6250       0.1423       0.0043
     22.8750       0.1352       0.0042
     23.1250       0.1276       0.0041
     23.3750       0.1204       0.0040
     23.6250       0.1131       0.0039
     23.8750       0.1057       0.0039
     24.1250       0.0988       0.0039
     24.3750       0.0920       0.0040
     24.6250       0.0854       0.0038
     24.8750       0.0791       0.0038
     25.1250       0.0731       0.0038
     25.3750       0.0668       0.0038
     25.6250       0.0616       0.0038
     25.8750       0.0561       0.0038
     26.1250       0.0509       0.0037
     26.3750       0.0466       0.0036
     26.6250       0.0417       0.0035
     26.8750       0.0377       0.0034
     27.1250       0.0338       0.0033
     27.3750       0.0304       0.0032
     27.6250       0.0269       0.0030
     27.8750       0.0240       0.0029
     28.1250       0.0212       0.0027
     28.3750       0.0187       0.0026
     28.6250       0.0165       0.0024
     28.8750       0.0144       0.0023
     29.1250       0.0126       0.0022
     29.3750       0.0109       0.0020
     29.6250       0.0094       0.0018
     29.8750       0.0081       0.0017
     30.1250       0.0069       0.0015
     30.3750       0.0059       0.0014
     30.6250       0.0051       0.0013
     30.8750       0.0043       0.0012
     31.1250       0.0037       0.0011
     31.3750       0.0031       0.0010
     31.6250       0.0026       0.0009
     31.8750       0.0022       0.0008
     32.1250       0.0018       0.0007
     32.3750       0.0015       0.0006
     32.6250       0.0013       0.0006
     32.8750       0.0010       0.0005
     33.1250       0.0008       0.0005
     33.3750       0.0007       0.0004
     33.6250       0.0006       0.0004
     33.8750       0.0005       0.0003
     34.1250       0.0004       0.0003
     34.3750       0.0003       0.0002
     34.6250       0.0002       0.0002
     34.8750       0.0002       0.0002
     35.1250       0.0001       0.0002
     35.3750       0.0001       0.0001
     35.6250       0.0001       0.0001
     35.8750       0.0001       0.0001
     36.1250       0.0001       0.0001
     36.3750       0.0000       0.0001
     36.6250       0.0000       0.0001
     36.8750       0.0000       0.0001
     37.1250       0.0000       0.0001
     37.3750       0.0000       0.0000
     37.6250       0.0000       0.0000
     37.8750       0.0000       0.0000
     38.1250       0.0000       0.0000
     38.3750       0.0000       0.0000
     38.6250       0.0000       0.0000
     38.8750       0.0000       0.0000
     39.1250       0.0000       0.0000
     39.3750       0.0000       0.0000
     39.6250       0.0000       0.0000
     39.8750       0.0000       0.0000
     40.1250       0.0000       0.0000
     40.3750       0.0000       0.0000
     40.6250       0.0000       0.0000
     40.8750       0.0000       0.0000
