#Z                :PC|:OL  sd(:PC|:OL)
    -40.1250       0.0000       0.0000
    -39.8750       0.0000       0.0000
    -39.6250       0.0000       0.0000
    -39.3750       0.0000       0.0000
    -39.1250       0.0000       0.0000
    -38.8750       0.0000       0.0000
    -38.6250       0.0000       0.0000
    -38.3750       0.0000       0.0000
    -38.1250       0.0000       0.0000
    -37.8750       0.0000       0.0000
    -37.6250       0.0000       0.0000
    -37.3750       0.0000       0.0000
    -37.1250       0.0000       0.0000
    -36.8750       0.0000       0.0000
    -36.6250       0.0000       0.0000
    -36.3750       0.0000       0.0000
    -36.1250       0.0000       0.0000
    -35.8750       0.0000       0.0000
    -35.6250       0.0000       0.0000
    -35.3750       0.0000       0.0000
    -35.1250       0.0000       0.0001
    -34.8750       0.0000       0.0001
    -34.6250       0.0000       0.0001
    -34.3750       0.0001       0.0001
    -34.1250       0.0001       0.0001
    -33.8750       0.0001       0.0001
    -33.6250       0.0001       0.0001
    -33.3750       0.0002       0.0002
    -33.1250       0.0002       0.0002
    -32.8750       0.0003       0.0002
    -32.6250       0.0003       0.0002
    -32.3750       0.0004       0.0003
    -32.1250       0.0005       0.0003
    -31.8750       0.0007       0.0004
    -31.6250       0.0008       0.0004
    -31.3750       0.0011       0.0005
    -31.1250       0.0013       0.0005
    -30.8750       0.0016       0.0006
    -30.6250       0.0020       0.0007
    -30.3750       0.0025       0.0008
    -30.1250       0.0030       0.0009
    -29.8750       0.0036       0.0009
    -29.6250       0.0044       0.0010
    -29.3750       0.0053       0.0012
    -29.1250       0.0064       0.0013
    -28.8750       0.0076       0.0014
    -28.6250       0.0090       0.0015
    -28.3750       0.0107       0.0017
    -28.1250       0.0126       0.0018
    -27.8750       0.0147       0.0020
    -27.6250       0.0172       0.0021
    -27.3750       0.0199       0.0023
    -27.1250       0.0229       0.0024
    -26.8750       0.0264       0.0026
    -26.6250       0.0302       0.0028
    -26.3750       0.0344       0.0029
    -26.1250       0.0389       0.0031
    -25.8750       0.0438       0.0032
    -25.6250       0.0490       0.0033
    -25.3750       0.0550       0.0035
    -25.1250       0.0610       0.0035
    -24.8750       0.0677       0.0036
    -24.6250       0.0749       0.0037
    -24.3750       0.0817       0.0038
    -24.1250       0.0895       0.0039
    -23.8750       0.0976       0.0039
    -23.6250       0.1057       0.0040
    -23.3750       0.1137       0.0040
    -23.1250       0.1226       0.0041
    -22.8750       0.1314       0.0042
    -22.6250       0.1401       0.0043
    -22.3750       0.1484       0.0044
    -22.1250       0.1574       0.0045
    -21.8750       0.1657       0.0046
    -21.6250       0.1740       0.0048
    -21.3750       0.1821       0.0049
    -21.1250       0.1897       0.0051
    -20.8750       0.1970       0.0052
    -20.6250       0.2036       0.0053
    -20.3750       0.2105       0.0053
    -20.1250       0.2160       0.0054
    -19.8750       0.2210       0.0056
    -19.6250       0.2265       0.0056
    -19.3750       0.2301       0.0057
    -19.1250       0.2342       0.0057
    -18.8750       0.2375       0.0057
    -18.6250       0.2396       0.0057
    -18.3750       0.2420       0.0058
    -18.1250       0.2436       0.0058
    -17.8750       0.2449       0.0057
    -17.6250       0.2454       0.0057
    -17.3750       0.2457       0.0056
    -17.1250       0.2457       0.0056
    -16.8750       0.2451       0.0056
    -16.6250       0.2444       0.0055
    -16.3750       0.2426       0.0054
    -16.1250       0.2408       0.0053
    -15.8750       0.2384       0.0053
    -15.6250       0.2363       0.0052
    -15.3750       0.2329       0.0052
    -15.1250       0.2298       0.0050
    -14.8750       0.2261       0.0049
    -14.6250       0.2222       0.0048
    -14.3750       0.2186       0.0047
    -14.1250       0.2143       0.0046
    -13.8750       0.2103       0.0045
    -13.6250       0.2053       0.0044
    -13.3750       0.2012       0.0043
    -13.1250       0.1966       0.0042
    -12.8750       0.1921       0.0042
    -12.6250       0.1884       0.0041
    -12.3750       0.1841       0.0040
    -12.1250       0.1800       0.0040
    -11.8750       0.1763       0.0040
    -11.6250       0.1726       0.0039
    -11.3750       0.1696       0.0038
    -11.1250       0.1663       0.0038
    -10.8750       0.1634       0.0037
    -10.6250       0.1607       0.0036
    -10.3750       0.1585       0.0036
    -10.1250       0.1564       0.0036
     -9.8750       0.1544       0.0035
     -9.6250       0.1524       0.0034
     -9.3750       0.1509       0.0034
     -9.1250       0.1495       0.0033
     -8.8750       0.1477       0.0033
     -8.6250       0.1468       0.0032
     -8.3750       0.1457       0.0032
     -8.1250       0.1448       0.0032
     -7.8750       0.1436       0.0032
     -7.6250       0.1427       0.0032
     -7.3750       0.1419       0.0031
     -7.1250       0.1410       0.0031
     -6.8750       0.1401       0.0031
     -6.6250       0.1390       0.0031
     -6.3750       0.1386       0.0031
     -6.1250       0.1377       0.0031
     -5.8750       0.1367       0.0031
     -5.6250       0.1360       0.0031
     -5.3750       0.1352       0.0030
     -5.1250       0.1344       0.0030
     -4.8750       0.1334       0.0030
     -4.6250       0.1323       0.0030
     -4.3750       0.1314       0.0030
     -4.1250       0.1304       0.0030
     -3.8750       0.1293       0.0029
     -3.6250       0.1284       0.0030
     -3.3750       0.1268       0.0029
     -3.1250       0.1259       0.0029
     -2.8750       0.1250       0.0029
     -2.6250       0.1239       0.0029
     -2.3750       0.1228       0.0029
     -2.1250       0.1216       0.0029
     -1.8750       0.1205       0.0029
     -1.6250       0.1194       0.0029
     -1.3750       0.1185       0.0029
     -1.1250       0.1177       0.0029
     -0.8750       0.1173       0.0029
     -0.6250       0.1167       0.0029
     -0.3750       0.1164       0.0029
     -0.1250       0.1160       0.0029
      0.1250       0.1158       0.0029
      0.3750       0.1158       0.0029
      0.6250       0.1161       0.0029
      0.8750       0.1162       0.0029
      1.1250       0.1168       0.0029
      1.3750       0.1175       0.0029
      1.6250       0.1180       0.0029
      1.8750       0.1186       0.0028
      2.1250       0.1197       0.0029
      2.3750       0.1205       0.0029
      2.6250       0.1215       0.0029
      2.8750       0.1227       0.0030
      3.1250       0.1235       0.0029
      3.3750       0.1248       0.0029
      3.6250       0.1258       0.0029
      3.8750       0.1265       0.0030
      4.1250       0.1278       0.0030
      4.3750       0.1288       0.0029
      4.6250       0.1296       0.0029
      4.8750       0.1304       0.0030
      5.1250       0.1312       0.0030
      5.3750       0.1322       0.0030
      5.6250       0.1329       0.0030
      5.8750       0.1335       0.0030
      6.1250       0.1341       0.0030
      6.3750       0.1350       0.0030
      6.6250       0.1355       0.0030
      6.8750       0.1364       0.0031
      7.1250       0.1369       0.0030
      7.3750       0.1376       0.0030
      7.6250       0.1379       0.0031
      7.8750       0.1385       0.0030
      8.1250       0.1395       0.0031
      8.3750       0.1403       0.0031
      8.6250       0.1410       0.0032
      8.8750       0.1418       0.0032
      9.1250       0.1428       0.0032
      9.3750       0.1437       0.0033
      9.6250       0.1450       0.0033
      9.8750       0.1466       0.0034
     10.1250       0.1481       0.0035
     10.3750       0.1499       0.0035
     10.6250       0.1517       0.0036
     10.8750       0.1546       0.0037
     11.1250       0.1567       0.0037
     11.3750       0.1599       0.0037
     11.6250       0.1626       0.0038
     11.8750       0.1658       0.0039
     12.1250       0.1691       0.0039
     12.3750       0.1731       0.0040
     12.6250       0.1770       0.0040
     12.8750       0.1813       0.0041
     13.1250       0.1854       0.0041
     13.3750       0.1900       0.0042
     13.6250       0.1938       0.0042
     13.8750       0.1984       0.0043
     14.1250       0.2026       0.0043
     14.3750       0.2075       0.0045
     14.6250       0.2115       0.0046
     14.8750       0.2150       0.0047
     15.1250       0.2194       0.0048
     15.3750       0.2225       0.0048
     15.6250       0.2262       0.0051
     15.8750       0.2290       0.0051
     16.1250       0.2308       0.0051
     16.3750       0.2337       0.0052
     16.6250       0.2361       0.0053
     16.8750       0.2372       0.0053
     17.1250       0.2390       0.0055
     17.3750       0.2394       0.0055
     17.6250       0.2403       0.0056
     17.8750       0.2407       0.0057
     18.1250       0.2403       0.0057
     18.3750       0.2392       0.0059
     18.6250       0.2381       0.0059
     18.8750       0.2365       0.0059
     19.1250       0.2342       0.0059
     19.3750       0.2313       0.0058
     19.6250       0.2276       0.0060
     19.8750       0.2235       0.0058
     20.1250       0.2188       0.0058
     20.3750       0.2141       0.0057
     20.6250       0.2076       0.0055
     20.8750       0.2014       0.0055
     21.1250       0.1950       0.0053
     21.3750       0.1875       0.0050
     21.6250       0.1799       0.0050
     21.8750       0.1722       0.0048
     22.1250       0.1643       0.0046
     22.3750       0.1563       0.0045
     22.6250       0.1473       0.0044
     22.8750       0.1393       0.0042
     23.1250       0.1303       0.0041
     23.3750       0.1218       0.0040
     23.6250       0.1133       0.0040
     23.8750       0.1053       0.0040
     24.1250       0.0972       0.0039
     24.3750       0.0897       0.0039
     24.6250       0.0820       0.0038
     24.8750       0.0749       0.0038
     25.1250       0.0682       0.0038
     25.3750       0.0618       0.0037
     25.6250       0.0555       0.0036
     25.8750       0.0501       0.0036
     26.1250       0.0447       0.0034
     26.3750       0.0397       0.0033
     26.6250       0.0352       0.0031
     26.8750       0.0309       0.0030
     27.1250       0.0273       0.0028
     27.3750       0.0238       0.0027
     27.6250       0.0207       0.0025
     27.8750       0.0180       0.0024
     28.1250       0.0155       0.0022
     28.3750       0.0133       0.0020
     28.6250       0.0114       0.0019
     28.8750       0.0097       0.0017
     29.1250       0.0082       0.0016
     29.3750       0.0069       0.0014
     29.6250       0.0058       0.0013
     29.8750       0.0049       0.0012
     30.1250       0.0041       0.0010
     30.3750       0.0034       0.0009
     30.6250       0.0028       0.0008
     30.8750       0.0023       0.0007
     31.1250       0.0019       0.0006
     31.3750       0.0015       0.0006
     31.6250       0.0013       0.0005
     31.8750       0.0010       0.0004
     32.1250       0.0008       0.0004
     32.3750       0.0006       0.0003
     32.6250       0.0005       0.0003
     32.8750       0.0004       0.0002
     33.1250       0.0003       0.0002
     33.3750       0.0002       0.0002
     33.6250       0.0002       0.0002
     33.8750       0.0001       0.0001
     34.1250       0.0001       0.0001
     34.3750       0.0001       0.0001
     34.6250       0.0001       0.0001
     34.8750       0.0000       0.0001
     35.1250       0.0000       0.0001
     35.3750       0.0000       0.0000
     35.6250       0.0000       0.0000
     35.8750       0.0000       0.0000
     36.1250       0.0000       0.0000
     36.3750       0.0000       0.0000
     36.6250       0.0000       0.0000
     36.8750       0.0000       0.0000
     37.1250       0.0000       0.0000
     37.3750       0.0000       0.0000
     37.6250       0.0000       0.0000
     37.8750       0.0000       0.0000
     38.1250       0.0000       0.0000
     38.3750       0.0000       0.0000
     38.6250       0.0000       0.0000
     38.8750       0.0000       0.0000
     39.1250       0.0000       0.0000
     39.3750       0.0000       0.0000
     39.6250       0.0000       0.0000
     39.8750       0.0000       0.0000
     40.1250       0.0000       0.0000
