#Z                :PC|:OL  sd(:PC|:OL)
    -39.1250       0.0000       0.0000
    -38.8750       0.0000       0.0000
    -38.6250       0.0000       0.0000
    -38.3750       0.0000       0.0000
    -38.1250       0.0000       0.0000
    -37.8750       0.0000       0.0000
    -37.6250       0.0000       0.0000
    -37.3750       0.0000       0.0000
    -37.1250       0.0000       0.0000
    -36.8750       0.0000       0.0000
    -36.6250       0.0000       0.0000
    -36.3750       0.0000       0.0000
    -36.1250       0.0000       0.0000
    -35.8750       0.0000       0.0000
    -35.6250       0.0000       0.0000
    -35.3750       0.0000       0.0000
    -35.1250       0.0000       0.0000
    -34.8750       0.0000       0.0001
    -34.6250       0.0000       0.0001
    -34.3750       0.0001       0.0001
    -34.1250       0.0001       0.0001
    -33.8750       0.0001       0.0001
    -33.6250       0.0001       0.0001
    -33.3750       0.0002       0.0001
    -33.1250       0.0002       0.0002
    -32.8750       0.0003       0.0002
    -32.6250       0.0004       0.0002
    -32.3750       0.0005       0.0003
    -32.1250       0.0006       0.0003
    -31.8750       0.0008       0.0004
    -31.6250       0.0010       0.0004
    -31.3750       0.0012       0.0005
    -31.1250       0.0015       0.0005
    -30.8750       0.0018       0.0006
    -30.6250       0.0022       0.0007
    -30.3750       0.0028       0.0008
    -30.1250       0.0034       0.0009
    -29.8750       0.0041       0.0009
    -29.6250       0.0049       0.0011
    -29.3750       0.0059       0.0012
    -29.1250       0.0070       0.0013
    -28.8750       0.0083       0.0014
    -28.6250       0.0098       0.0015
    -28.3750       0.0115       0.0017
    -28.1250       0.0135       0.0018
    -27.8750       0.0156       0.0020
    -27.6250       0.0181       0.0021
    -27.3750       0.0209       0.0023
    -27.1250       0.0240       0.0024
    -26.8750       0.0275       0.0026
    -26.6250       0.0312       0.0027
    -26.3750       0.0354       0.0028
    -26.1250       0.0400       0.0029
    -25.8750       0.0448       0.0030
    -25.6250       0.0500       0.0032
    -25.3750       0.0559       0.0033
    -25.1250       0.0619       0.0033
    -24.8750       0.0683       0.0034
    -24.6250       0.0750       0.0035
    -24.3750       0.0819       0.0035
    -24.1250       0.0894       0.0037
    -23.8750       0.0971       0.0037
    -23.6250       0.1052       0.0038
    -23.3750       0.1133       0.0039
    -23.1250       0.1216       0.0041
    -22.8750       0.1298       0.0041
    -22.6250       0.1386       0.0042
    -22.3750       0.1467       0.0043
    -22.1250       0.1550       0.0046
    -21.8750       0.1637       0.0046
    -21.6250       0.1714       0.0048
    -21.3750       0.1796       0.0049
    -21.1250       0.1869       0.0050
    -20.8750       0.1938       0.0051
    -20.6250       0.2005       0.0053
    -20.3750       0.2072       0.0054
    -20.1250       0.2128       0.0054
    -19.8750       0.2186       0.0055
    -19.6250       0.2235       0.0056
    -19.3750       0.2283       0.0057
    -19.1250       0.2325       0.0057
    -18.8750       0.2360       0.0056
    -18.6250       0.2385       0.0055
    -18.3750       0.2412       0.0055
    -18.1250       0.2431       0.0055
    -17.8750       0.2444       0.0055
    -17.6250       0.2446       0.0054
    -17.3750       0.2454       0.0053
    -17.1250       0.2454       0.0054
    -16.8750       0.2449       0.0053
    -16.6250       0.2436       0.0053
    -16.3750       0.2427       0.0052
    -16.1250       0.2407       0.0053
    -15.8750       0.2387       0.0051
    -15.6250       0.2361       0.0050
    -15.3750       0.2333       0.0050
    -15.1250       0.2299       0.0049
    -14.8750       0.2268       0.0048
    -14.6250       0.2227       0.0047
    -14.3750       0.2194       0.0047
    -14.1250       0.2152       0.0046
    -13.8750       0.2109       0.0044
    -13.6250       0.2070       0.0044
    -13.3750       0.2026       0.0043
    -13.1250       0.1981       0.0043
    -12.8750       0.1938       0.0042
    -12.6250       0.1895       0.0041
    -12.3750       0.1855       0.0041
    -12.1250       0.1816       0.0040
    -11.8750       0.1780       0.0040
    -11.6250       0.1737       0.0039
    -11.3750       0.1704       0.0039
    -11.1250       0.1673       0.0038
    -10.8750       0.1641       0.0038
    -10.6250       0.1614       0.0037
    -10.3750       0.1585       0.0036
    -10.1250       0.1563       0.0036
     -9.8750       0.1541       0.0035
     -9.6250       0.1524       0.0035
     -9.3750       0.1504       0.0034
     -9.1250       0.1486       0.0033
     -8.8750       0.1472       0.0033
     -8.6250       0.1460       0.0033
     -8.3750       0.1448       0.0032
     -8.1250       0.1437       0.0032
     -7.8750       0.1424       0.0031
     -7.6250       0.1419       0.0031
     -7.3750       0.1411       0.0032
     -7.1250       0.1402       0.0031
     -6.8750       0.1394       0.0031
     -6.6250       0.1385       0.0031
     -6.3750       0.1379       0.0031
     -6.1250       0.1372       0.0031
     -5.8750       0.1363       0.0030
     -5.6250       0.1355       0.0030
     -5.3750       0.1346       0.0030
     -5.1250       0.1338       0.0030
     -4.8750       0.1330       0.0030
     -4.6250       0.1322       0.0030
     -4.3750       0.1310       0.0030
     -4.1250       0.1301       0.0030
     -3.8750       0.1289       0.0030
     -3.6250       0.1282       0.0029
     -3.3750       0.1269       0.0029
     -3.1250       0.1256       0.0029
     -2.8750       0.1249       0.0029
     -2.6250       0.1238       0.0029
     -2.3750       0.1226       0.0029
     -2.1250       0.1218       0.0029
     -1.8750       0.1208       0.0029
     -1.6250       0.1198       0.0028
     -1.3750       0.1191       0.0029
     -1.1250       0.1181       0.0029
     -0.8750       0.1176       0.0029
     -0.6250       0.1172       0.0029
     -0.3750       0.1168       0.0028
     -0.1250       0.1162       0.0028
      0.1250       0.1164       0.0029
      0.3750       0.1161       0.0028
      0.6250       0.1164       0.0029
      0.8750       0.1165       0.0029
      1.1250       0.1169       0.0028
      1.3750       0.1174       0.0029
      1.6250       0.1182       0.0028
      1.8750       0.1187       0.0029
      2.1250       0.1193       0.0028
      2.3750       0.1202       0.0029
      2.6250       0.1211       0.0029
      2.8750       0.1219       0.0029
      3.1250       0.1228       0.0029
      3.3750       0.1242       0.0030
      3.6250       0.1250       0.0029
      3.8750       0.1260       0.0029
      4.1250       0.1268       0.0030
      4.3750       0.1279       0.0029
      4.6250       0.1288       0.0029
      4.8750       0.1295       0.0030
      5.1250       0.1307       0.0030
      5.3750       0.1314       0.0030
      5.6250       0.1320       0.0030
      5.8750       0.1328       0.0030
      6.1250       0.1337       0.0030
      6.3750       0.1341       0.0030
      6.6250       0.1352       0.0030
      6.8750       0.1357       0.0031
      7.1250       0.1366       0.0031
      7.3750       0.1375       0.0031
      7.6250       0.1381       0.0031
      7.8750       0.1391       0.0031
      8.1250       0.1397       0.0031
      8.3750       0.1406       0.0032
      8.6250       0.1412       0.0032
      8.8750       0.1426       0.0032
      9.1250       0.1435       0.0033
      9.3750       0.1448       0.0033
      9.6250       0.1461       0.0034
      9.8750       0.1474       0.0034
     10.1250       0.1493       0.0035
     10.3750       0.1513       0.0035
     10.6250       0.1530       0.0036
     10.8750       0.1554       0.0037
     11.1250       0.1580       0.0037
     11.3750       0.1606       0.0037
     11.6250       0.1637       0.0038
     11.8750       0.1668       0.0038
     12.1250       0.1703       0.0039
     12.3750       0.1735       0.0039
     12.6250       0.1777       0.0040
     12.8750       0.1813       0.0041
     13.1250       0.1857       0.0041
     13.3750       0.1894       0.0042
     13.6250       0.1936       0.0043
     13.8750       0.1982       0.0044
     14.1250       0.2023       0.0044
     14.3750       0.2065       0.0045
     14.6250       0.2104       0.0046
     14.8750       0.2143       0.0047
     15.1250       0.2180       0.0048
     15.3750       0.2218       0.0048
     15.6250       0.2246       0.0048
     15.8750       0.2275       0.0050
     16.1250       0.2305       0.0050
     16.3750       0.2322       0.0051
     16.6250       0.2344       0.0052
     16.8750       0.2355       0.0052
     17.1250       0.2367       0.0053
     17.3750       0.2374       0.0054
     17.6250       0.2379       0.0054
     17.8750       0.2376       0.0055
     18.1250       0.2366       0.0055
     18.3750       0.2359       0.0055
     18.6250       0.2347       0.0055
     18.8750       0.2326       0.0055
     19.1250       0.2304       0.0055
     19.3750       0.2274       0.0056
     19.6250       0.2244       0.0056
     19.8750       0.2205       0.0054
     20.1250       0.2160       0.0054
     20.3750       0.2109       0.0054
     20.6250       0.2059       0.0053
     20.8750       0.2003       0.0052
     21.1250       0.1939       0.0052
     21.3750       0.1870       0.0050
     21.6250       0.1801       0.0049
     21.8750       0.1726       0.0048
     22.1250       0.1647       0.0047
     22.3750       0.1568       0.0046
     22.6250       0.1486       0.0045
     22.8750       0.1401       0.0044
     23.1250       0.1318       0.0042
     23.3750       0.1238       0.0042
     23.6250       0.1151       0.0040
     23.8750       0.1074       0.0039
     24.1250       0.0990       0.0039
     24.3750       0.0913       0.0037
     24.6250       0.0838       0.0037
     24.8750       0.0765       0.0036
     25.1250       0.0698       0.0035
     25.3750       0.0633       0.0034
     25.6250       0.0570       0.0032
     25.8750       0.0513       0.0032
     26.1250       0.0458       0.0030
     26.3750       0.0409       0.0029
     26.6250       0.0361       0.0028
     26.8750       0.0319       0.0026
     27.1250       0.0281       0.0025
     27.3750       0.0245       0.0023
     27.6250       0.0212       0.0022
     27.8750       0.0184       0.0020
     28.1250       0.0159       0.0019
     28.3750       0.0136       0.0018
     28.6250       0.0116       0.0016
     28.8750       0.0099       0.0015
     29.1250       0.0083       0.0014
     29.3750       0.0070       0.0012
     29.6250       0.0059       0.0011
     29.8750       0.0049       0.0010
     30.1250       0.0040       0.0009
     30.3750       0.0033       0.0008
     30.6250       0.0027       0.0007
     30.8750       0.0022       0.0006
     31.1250       0.0018       0.0006
     31.3750       0.0014       0.0005
     31.6250       0.0011       0.0004
     31.8750       0.0009       0.0004
     32.1250       0.0007       0.0003
     32.3750       0.0005       0.0003
     32.6250       0.0004       0.0002
     32.8750       0.0003       0.0002
     33.1250       0.0003       0.0002
     33.3750       0.0002       0.0002
     33.6250       0.0001       0.0001
     33.8750       0.0001       0.0001
     34.1250       0.0001       0.0001
     34.3750       0.0001       0.0001
     34.6250       0.0001       0.0001
     34.8750       0.0000       0.0001
     35.1250       0.0000       0.0001
     35.3750       0.0000       0.0001
     35.6250       0.0000       0.0000
     35.8750       0.0000       0.0000
     36.1250       0.0000       0.0000
     36.3750       0.0000       0.0000
     36.6250       0.0000       0.0000
     36.8750       0.0000       0.0000
     37.1250       0.0000       0.0000
     37.3750       0.0000       0.0000
     37.6250       0.0000       0.0000
     37.8750       0.0000       0.0000
     38.1250       0.0000       0.0000
     38.3750       0.0000       0.0000
     38.6250       0.0000       0.0000
     38.8750       0.0000       0.0000
     39.1250       0.0000       0.0000
     39.3750       0.0000       0.0000
     39.6250       0.0000       0.0000
     39.8750       0.0000       0.0000
     40.1250       0.0000       0.0000
