#Z                :PC|:OL  sd(:PC|:OL)
    -39.1250       0.0000       0.0000
    -38.8750       0.0000       0.0000
    -38.6250       0.0000       0.0000
    -38.3750       0.0000       0.0000
    -38.1250       0.0000       0.0000
    -37.8750       0.0000       0.0000
    -37.6250       0.0000       0.0000
    -37.3750       0.0000       0.0000
    -37.1250       0.0000       0.0000
    -36.8750       0.0000       0.0000
    -36.6250       0.0000       0.0000
    -36.3750       0.0000       0.0000
    -36.1250       0.0000       0.0000
    -35.8750       0.0000       0.0000
    -35.6250       0.0000       0.0000
    -35.3750       0.0000       0.0001
    -35.1250       0.0000       0.0001
    -34.8750       0.0000       0.0001
    -34.6250       0.0001       0.0001
    -34.3750       0.0001       0.0001
    -34.1250       0.0001       0.0001
    -33.8750       0.0001       0.0001
    -33.6250       0.0002       0.0002
    -33.3750       0.0002       0.0002
    -33.1250       0.0003       0.0002
    -32.8750       0.0004       0.0003
    -32.6250       0.0005       0.0003
    -32.3750       0.0006       0.0004
    -32.1250       0.0008       0.0004
    -31.8750       0.0010       0.0005
    -31.6250       0.0012       0.0005
    -31.3750       0.0015       0.0006
    -31.1250       0.0019       0.0007
    -30.8750       0.0023       0.0008
    -30.6250       0.0028       0.0009
    -30.3750       0.0034       0.0010
    -30.1250       0.0042       0.0011
    -29.8750       0.0051       0.0013
    -29.6250       0.0061       0.0014
    -29.3750       0.0073       0.0016
    -29.1250       0.0086       0.0017
    -28.8750       0.0102       0.0019
    -28.6250       0.0119       0.0020
    -28.3750       0.0138       0.0022
    -28.1250       0.0161       0.0024
    -27.8750       0.0185       0.0025
    -27.6250       0.0214       0.0027
    -27.3750       0.0245       0.0029
    -27.1250       0.0278       0.0030
    -26.8750       0.0317       0.0032
    -26.6250       0.0359       0.0033
    -26.3750       0.0403       0.0035
    -26.1250       0.0449       0.0036
    -25.8750       0.0505       0.0038
    -25.6250       0.0562       0.0039
    -25.3750       0.0620       0.0039
    -25.1250       0.0684       0.0040
    -24.8750       0.0750       0.0041
    -24.6250       0.0821       0.0042
    -24.3750       0.0893       0.0042
    -24.1250       0.0964       0.0042
    -23.8750       0.1042       0.0042
    -23.6250       0.1120       0.0043
    -23.3750       0.1198       0.0043
    -23.1250       0.1277       0.0043
    -22.8750       0.1357       0.0043
    -22.6250       0.1437       0.0043
    -22.3750       0.1513       0.0045
    -22.1250       0.1586       0.0045
    -21.8750       0.1662       0.0046
    -21.6250       0.1735       0.0047
    -21.3750       0.1802       0.0048
    -21.1250       0.1872       0.0050
    -20.8750       0.1938       0.0051
    -20.6250       0.1994       0.0053
    -20.3750       0.2050       0.0055
    -20.1250       0.2101       0.0054
    -19.8750       0.2151       0.0056
    -19.6250       0.2189       0.0057
    -19.3750       0.2231       0.0057
    -19.1250       0.2266       0.0058
    -18.8750       0.2293       0.0059
    -18.6250       0.2323       0.0058
    -18.3750       0.2343       0.0059
    -18.1250       0.2356       0.0059
    -17.8750       0.2370       0.0058
    -17.6250       0.2377       0.0059
    -17.3750       0.2383       0.0059
    -17.1250       0.2382       0.0058
    -16.8750       0.2377       0.0058
    -16.6250       0.2370       0.0058
    -16.3750       0.2363       0.0057
    -16.1250       0.2343       0.0056
    -15.8750       0.2326       0.0056
    -15.6250       0.2306       0.0054
    -15.3750       0.2282       0.0054
    -15.1250       0.2245       0.0052
    -14.8750       0.2220       0.0052
    -14.6250       0.2184       0.0050
    -14.3750       0.2147       0.0049
    -14.1250       0.2118       0.0047
    -13.8750       0.2078       0.0046
    -13.6250       0.2042       0.0045
    -13.3750       0.2000       0.0044
    -13.1250       0.1963       0.0044
    -12.8750       0.1926       0.0042
    -12.6250       0.1894       0.0041
    -12.3750       0.1853       0.0041
    -12.1250       0.1826       0.0040
    -11.8750       0.1792       0.0040
    -11.6250       0.1760       0.0038
    -11.3750       0.1731       0.0038
    -11.1250       0.1700       0.0038
    -10.8750       0.1677       0.0038
    -10.6250       0.1648       0.0037
    -10.3750       0.1628       0.0037
    -10.1250       0.1604       0.0036
     -9.8750       0.1584       0.0037
     -9.6250       0.1561       0.0036
     -9.3750       0.1546       0.0035
     -9.1250       0.1527       0.0034
     -8.8750       0.1509       0.0034
     -8.6250       0.1495       0.0034
     -8.3750       0.1481       0.0033
     -8.1250       0.1466       0.0033
     -7.8750       0.1453       0.0032
     -7.6250       0.1444       0.0033
     -7.3750       0.1432       0.0032
     -7.1250       0.1420       0.0032
     -6.8750       0.1409       0.0031
     -6.6250       0.1400       0.0031
     -6.3750       0.1390       0.0031
     -6.1250       0.1377       0.0030
     -5.8750       0.1371       0.0030
     -5.6250       0.1359       0.0030
     -5.3750       0.1350       0.0030
     -5.1250       0.1340       0.0031
     -4.8750       0.1331       0.0030
     -4.6250       0.1323       0.0030
     -4.3750       0.1310       0.0030
     -4.1250       0.1301       0.0030
     -3.8750       0.1289       0.0030
     -3.6250       0.1275       0.0029
     -3.3750       0.1268       0.0029
     -3.1250       0.1256       0.0029
     -2.8750       0.1248       0.0029
     -2.6250       0.1237       0.0029
     -2.3750       0.1231       0.0029
     -2.1250       0.1223       0.0028
     -1.8750       0.1212       0.0029
     -1.6250       0.1205       0.0029
     -1.3750       0.1196       0.0029
     -1.1250       0.1191       0.0029
     -0.8750       0.1190       0.0029
     -0.6250       0.1183       0.0029
     -0.3750       0.1181       0.0030
     -0.1250       0.1181       0.0029
      0.1250       0.1179       0.0029
      0.3750       0.1180       0.0029
      0.6250       0.1181       0.0029
      0.8750       0.1186       0.0029
      1.1250       0.1191       0.0030
      1.3750       0.1195       0.0029
      1.6250       0.1199       0.0030
      1.8750       0.1207       0.0029
      2.1250       0.1212       0.0029
      2.3750       0.1218       0.0029
      2.6250       0.1227       0.0029
      2.8750       0.1236       0.0029
      3.1250       0.1241       0.0029
      3.3750       0.1252       0.0030
      3.6250       0.1259       0.0029
      3.8750       0.1267       0.0029
      4.1250       0.1274       0.0030
      4.3750       0.1286       0.0030
      4.6250       0.1290       0.0030
      4.8750       0.1301       0.0030
      5.1250       0.1307       0.0030
      5.3750       0.1317       0.0030
      5.6250       0.1325       0.0030
      5.8750       0.1330       0.0030
      6.1250       0.1335       0.0030
      6.3750       0.1345       0.0030
      6.6250       0.1351       0.0030
      6.8750       0.1357       0.0031
      7.1250       0.1367       0.0031
      7.3750       0.1372       0.0031
      7.6250       0.1381       0.0031
      7.8750       0.1390       0.0031
      8.1250       0.1395       0.0031
      8.3750       0.1406       0.0032
      8.6250       0.1416       0.0032
      8.8750       0.1425       0.0033
      9.1250       0.1443       0.0033
      9.3750       0.1455       0.0033
      9.6250       0.1467       0.0034
      9.8750       0.1490       0.0035
     10.1250       0.1501       0.0036
     10.3750       0.1528       0.0036
     10.6250       0.1553       0.0037
     10.8750       0.1576       0.0038
     11.1250       0.1598       0.0038
     11.3750       0.1634       0.0040
     11.6250       0.1664       0.0040
     11.8750       0.1696       0.0040
     12.1250       0.1729       0.0041
     12.3750       0.1765       0.0040
     12.6250       0.1805       0.0041
     12.8750       0.1834       0.0041
     13.1250       0.1875       0.0042
     13.3750       0.1913       0.0042
     13.6250       0.1949       0.0043
     13.8750       0.1993       0.0044
     14.1250       0.2028       0.0044
     14.3750       0.2064       0.0045
     14.6250       0.2096       0.0046
     14.8750       0.2127       0.0047
     15.1250       0.2165       0.0049
     15.3750       0.2190       0.0049
     15.6250       0.2218       0.0050
     15.8750       0.2247       0.0052
     16.1250       0.2266       0.0052
     16.3750       0.2288       0.0054
     16.6250       0.2306       0.0054
     16.8750       0.2324       0.0055
     17.1250       0.2328       0.0057
     17.3750       0.2332       0.0056
     17.6250       0.2338       0.0057
     17.8750       0.2335       0.0058
     18.1250       0.2331       0.0059
     18.3750       0.2321       0.0061
     18.6250       0.2304       0.0061
     18.8750       0.2284       0.0063
     19.1250       0.2259       0.0062
     19.3750       0.2225       0.0063
     19.6250       0.2190       0.0063
     19.8750       0.2148       0.0062
     20.1250       0.2105       0.0061
     20.3750       0.2054       0.0060
     20.6250       0.1996       0.0059
     20.8750       0.1937       0.0057
     21.1250       0.1880       0.0055
     21.3750       0.1812       0.0053
     21.6250       0.1743       0.0052
     21.8750       0.1668       0.0049
     22.1250       0.1599       0.0048
     22.3750       0.1522       0.0046
     22.6250       0.1441       0.0044
     22.8750       0.1368       0.0043
     23.1250       0.1291       0.0041
     23.3750       0.1210       0.0041
     23.6250       0.1137       0.0040
     23.8750       0.1062       0.0039
     24.1250       0.0993       0.0038
     24.3750       0.0924       0.0038
     24.6250       0.0860       0.0038
     24.8750       0.0791       0.0037
     25.1250       0.0732       0.0037
     25.3750       0.0673       0.0037
     25.6250       0.0619       0.0037
     25.8750       0.0562       0.0036
     26.1250       0.0515       0.0036
     26.3750       0.0467       0.0035
     26.6250       0.0425       0.0035
     26.8750       0.0384       0.0034
     27.1250       0.0346       0.0033
     27.3750       0.0310       0.0032
     27.6250       0.0280       0.0032
     27.8750       0.0249       0.0030
     28.1250       0.0223       0.0029
     28.3750       0.0199       0.0028
     28.6250       0.0175       0.0026
     28.8750       0.0156       0.0025
     29.1250       0.0137       0.0023
     29.3750       0.0121       0.0023
     29.6250       0.0106       0.0021
     29.8750       0.0094       0.0020
     30.1250       0.0082       0.0018
     30.3750       0.0071       0.0017
     30.6250       0.0062       0.0016
     30.8750       0.0054       0.0014
     31.1250       0.0046       0.0013
     31.3750       0.0040       0.0012
     31.6250       0.0034       0.0011
     31.8750       0.0029       0.0010
     32.1250       0.0025       0.0009
     32.3750       0.0022       0.0009
     32.6250       0.0019       0.0008
     32.8750       0.0016       0.0007
     33.1250       0.0013       0.0006
     33.3750       0.0011       0.0006
     33.6250       0.0009       0.0005
     33.8750       0.0008       0.0005
     34.1250       0.0006       0.0004
     34.3750       0.0005       0.0004
     34.6250       0.0004       0.0003
     34.8750       0.0003       0.0003
     35.1250       0.0003       0.0003
     35.3750       0.0002       0.0002
     35.6250       0.0002       0.0002
     35.8750       0.0001       0.0001
     36.1250       0.0001       0.0001
     36.3750       0.0001       0.0001
     36.6250       0.0001       0.0001
     36.8750       0.0001       0.0001
     37.1250       0.0000       0.0001
     37.3750       0.0000       0.0001
     37.6250       0.0000       0.0001
     37.8750       0.0000       0.0000
     38.1250       0.0000       0.0000
     38.3750       0.0000       0.0000
     38.6250       0.0000       0.0000
     38.8750       0.0000       0.0000
     39.1250       0.0000       0.0000
     39.3750       0.0000       0.0000
     39.6250       0.0000       0.0000
     39.8750       0.0000       0.0000
     40.1250       0.0000       0.0000
     40.3750       0.0000       0.0000
     40.6250       0.0000       0.0000
     40.8750       0.0000       0.0000
     41.1250       0.0000       0.0000
     41.3750       0.0000       0.0000
     41.6250       0.0000       0.0000
     41.8750       0.0000       0.0000
     42.1250       0.0000       0.0000
     42.3750       0.0000       0.0000
     42.6250       0.0000       0.0000
