#Z                :PC|:OL  sd(:PC|:OL)
    -38.3750       0.0000       0.0000
    -38.1250       0.0000       0.0000
    -37.8750       0.0000       0.0000
    -37.6250       0.0000       0.0000
    -37.3750       0.0000       0.0000
    -37.1250       0.0000       0.0000
    -36.8750       0.0000       0.0000
    -36.6250       0.0000       0.0000
    -36.3750       0.0000       0.0000
    -36.1250       0.0000       0.0000
    -35.8750       0.0000       0.0000
    -35.6250       0.0000       0.0000
    -35.3750       0.0000       0.0000
    -35.1250       0.0000       0.0000
    -34.8750       0.0000       0.0000
    -34.6250       0.0000       0.0001
    -34.3750       0.0000       0.0001
    -34.1250       0.0001       0.0001
    -33.8750       0.0001       0.0001
    -33.6250       0.0001       0.0001
    -33.3750       0.0002       0.0001
    -33.1250       0.0002       0.0002
    -32.8750       0.0003       0.0002
    -32.6250       0.0004       0.0002
    -32.3750       0.0005       0.0003
    -32.1250       0.0006       0.0003
    -31.8750       0.0008       0.0003
    -31.6250       0.0010       0.0004
    -31.3750       0.0013       0.0005
    -31.1250       0.0015       0.0005
    -30.8750       0.0019       0.0006
    -30.6250       0.0023       0.0007
    -30.3750       0.0028       0.0007
    -30.1250       0.0035       0.0008
    -29.8750       0.0042       0.0010
    -29.6250       0.0051       0.0011
    -29.3750       0.0061       0.0012
    -29.1250       0.0073       0.0013
    -28.8750       0.0086       0.0014
    -28.6250       0.0102       0.0016
    -28.3750       0.0119       0.0017
    -28.1250       0.0139       0.0019
    -27.8750       0.0162       0.0020
    -27.6250       0.0187       0.0022
    -27.3750       0.0216       0.0024
    -27.1250       0.0248       0.0025
    -26.8750       0.0282       0.0027
    -26.6250       0.0321       0.0029
    -26.3750       0.0363       0.0030
    -26.1250       0.0408       0.0032
    -25.8750       0.0459       0.0034
    -25.6250       0.0513       0.0034
    -25.3750       0.0568       0.0036
    -25.1250       0.0630       0.0037
    -24.8750       0.0693       0.0038
    -24.6250       0.0760       0.0039
    -24.3750       0.0832       0.0039
    -24.1250       0.0901       0.0041
    -23.8750       0.0980       0.0041
    -23.6250       0.1057       0.0042
    -23.3750       0.1134       0.0042
    -23.1250       0.1214       0.0043
    -22.8750       0.1300       0.0044
    -22.6250       0.1382       0.0044
    -22.3750       0.1465       0.0045
    -22.1250       0.1547       0.0045
    -21.8750       0.1622       0.0046
    -21.6250       0.1705       0.0047
    -21.3750       0.1784       0.0048
    -21.1250       0.1856       0.0050
    -20.8750       0.1927       0.0052
    -20.6250       0.1995       0.0052
    -20.3750       0.2057       0.0054
    -20.1250       0.2112       0.0056
    -19.8750       0.2173       0.0056
    -19.6250       0.2218       0.0057
    -19.3750       0.2259       0.0057
    -19.1250       0.2305       0.0057
    -18.8750       0.2339       0.0058
    -18.6250       0.2364       0.0058
    -18.3750       0.2385       0.0057
    -18.1250       0.2402       0.0058
    -17.8750       0.2419       0.0057
    -17.6250       0.2428       0.0056
    -17.3750       0.2435       0.0056
    -17.1250       0.2434       0.0057
    -16.8750       0.2430       0.0056
    -16.6250       0.2422       0.0056
    -16.3750       0.2407       0.0056
    -16.1250       0.2391       0.0055
    -15.8750       0.2376       0.0054
    -15.6250       0.2348       0.0053
    -15.3750       0.2323       0.0052
    -15.1250       0.2289       0.0051
    -14.8750       0.2255       0.0051
    -14.6250       0.2216       0.0049
    -14.3750       0.2186       0.0049
    -14.1250       0.2143       0.0047
    -13.8750       0.2102       0.0046
    -13.6250       0.2062       0.0044
    -13.3750       0.2022       0.0044
    -13.1250       0.1979       0.0043
    -12.8750       0.1941       0.0043
    -12.6250       0.1905       0.0042
    -12.3750       0.1864       0.0041
    -12.1250       0.1830       0.0041
    -11.8750       0.1793       0.0040
    -11.6250       0.1759       0.0040
    -11.3750       0.1726       0.0039
    -11.1250       0.1691       0.0038
    -10.8750       0.1664       0.0038
    -10.6250       0.1634       0.0037
    -10.3750       0.1605       0.0037
    -10.1250       0.1582       0.0036
     -9.8750       0.1558       0.0035
     -9.6250       0.1540       0.0035
     -9.3750       0.1520       0.0034
     -9.1250       0.1503       0.0034
     -8.8750       0.1487       0.0033
     -8.6250       0.1471       0.0033
     -8.3750       0.1460       0.0033
     -8.1250       0.1447       0.0032
     -7.8750       0.1438       0.0032
     -7.6250       0.1429       0.0032
     -7.3750       0.1418       0.0031
     -7.1250       0.1410       0.0031
     -6.8750       0.1401       0.0031
     -6.6250       0.1393       0.0031
     -6.3750       0.1384       0.0031
     -6.1250       0.1377       0.0031
     -5.8750       0.1367       0.0030
     -5.6250       0.1358       0.0030
     -5.3750       0.1355       0.0030
     -5.1250       0.1346       0.0030
     -4.8750       0.1336       0.0030
     -4.6250       0.1326       0.0030
     -4.3750       0.1319       0.0030
     -4.1250       0.1309       0.0030
     -3.8750       0.1296       0.0030
     -3.6250       0.1288       0.0029
     -3.3750       0.1277       0.0029
     -3.1250       0.1264       0.0030
     -2.8750       0.1256       0.0029
     -2.6250       0.1244       0.0029
     -2.3750       0.1234       0.0029
     -2.1250       0.1223       0.0029
     -1.8750       0.1213       0.0028
     -1.6250       0.1202       0.0029
     -1.3750       0.1193       0.0028
     -1.1250       0.1189       0.0029
     -0.8750       0.1177       0.0029
     -0.6250       0.1173       0.0029
     -0.3750       0.1168       0.0029
     -0.1250       0.1165       0.0029
      0.1250       0.1164       0.0029
      0.3750       0.1161       0.0029
      0.6250       0.1165       0.0029
      0.8750       0.1167       0.0029
      1.1250       0.1170       0.0029
      1.3750       0.1175       0.0029
      1.6250       0.1180       0.0029
      1.8750       0.1185       0.0029
      2.1250       0.1193       0.0029
      2.3750       0.1203       0.0029
      2.6250       0.1213       0.0029
      2.8750       0.1218       0.0029
      3.1250       0.1229       0.0029
      3.3750       0.1239       0.0029
      3.6250       0.1247       0.0029
      3.8750       0.1255       0.0029
      4.1250       0.1265       0.0030
      4.3750       0.1272       0.0029
      4.6250       0.1280       0.0029
      4.8750       0.1292       0.0030
      5.1250       0.1298       0.0030
      5.3750       0.1308       0.0030
      5.6250       0.1316       0.0030
      5.8750       0.1321       0.0030
      6.1250       0.1329       0.0030
      6.3750       0.1335       0.0030
      6.6250       0.1342       0.0030
      6.8750       0.1347       0.0030
      7.1250       0.1355       0.0030
      7.3750       0.1359       0.0031
      7.6250       0.1365       0.0031
      7.8750       0.1371       0.0031
      8.1250       0.1380       0.0031
      8.3750       0.1387       0.0031
      8.6250       0.1396       0.0032
      8.8750       0.1409       0.0032
      9.1250       0.1419       0.0032
      9.3750       0.1428       0.0032
      9.6250       0.1445       0.0033
      9.8750       0.1459       0.0034
     10.1250       0.1477       0.0033
     10.3750       0.1496       0.0034
     10.6250       0.1518       0.0035
     10.8750       0.1543       0.0036
     11.1250       0.1570       0.0036
     11.3750       0.1596       0.0036
     11.6250       0.1628       0.0037
     11.8750       0.1662       0.0038
     12.1250       0.1692       0.0038
     12.3750       0.1732       0.0039
     12.6250       0.1769       0.0039
     12.8750       0.1810       0.0040
     13.1250       0.1847       0.0040
     13.3750       0.1886       0.0040
     13.6250       0.1927       0.0041
     13.8750       0.1974       0.0042
     14.1250       0.2012       0.0043
     14.3750       0.2052       0.0044
     14.6250       0.2091       0.0045
     14.8750       0.2130       0.0046
     15.1250       0.2167       0.0047
     15.3750       0.2199       0.0048
     15.6250       0.2232       0.0049
     15.8750       0.2265       0.0049
     16.1250       0.2293       0.0051
     16.3750       0.2317       0.0051
     16.6250       0.2338       0.0052
     16.8750       0.2349       0.0052
     17.1250       0.2360       0.0053
     17.3750       0.2371       0.0054
     17.6250       0.2372       0.0053
     17.8750       0.2374       0.0054
     18.1250       0.2370       0.0055
     18.3750       0.2354       0.0055
     18.6250       0.2339       0.0056
     18.8750       0.2322       0.0055
     19.1250       0.2300       0.0057
     19.3750       0.2269       0.0057
     19.6250       0.2234       0.0057
     19.8750       0.2197       0.0056
     20.1250       0.2152       0.0055
     20.3750       0.2105       0.0054
     20.6250       0.2052       0.0054
     20.8750       0.1989       0.0053
     21.1250       0.1928       0.0052
     21.3750       0.1858       0.0051
     21.6250       0.1793       0.0049
     21.8750       0.1715       0.0048
     22.1250       0.1635       0.0046
     22.3750       0.1555       0.0043
     22.6250       0.1478       0.0043
     22.8750       0.1395       0.0042
     23.1250       0.1311       0.0041
     23.3750       0.1230       0.0040
     23.6250       0.1151       0.0039
     23.8750       0.1068       0.0039
     24.1250       0.0990       0.0038
     24.3750       0.0916       0.0037
     24.6250       0.0842       0.0036
     24.8750       0.0774       0.0036
     25.1250       0.0706       0.0036
     25.3750       0.0643       0.0035
     25.6250       0.0583       0.0035
     25.8750       0.0528       0.0034
     26.1250       0.0473       0.0033
     26.3750       0.0423       0.0032
     26.6250       0.0377       0.0031
     26.8750       0.0335       0.0030
     27.1250       0.0297       0.0029
     27.3750       0.0261       0.0027
     27.6250       0.0230       0.0026
     27.8750       0.0200       0.0024
     28.1250       0.0174       0.0023
     28.3750       0.0150       0.0021
     28.6250       0.0129       0.0020
     28.8750       0.0111       0.0018
     29.1250       0.0095       0.0017
     29.3750       0.0081       0.0015
     29.6250       0.0068       0.0014
     29.8750       0.0058       0.0013
     30.1250       0.0049       0.0012
     30.3750       0.0040       0.0010
     30.6250       0.0033       0.0009
     30.8750       0.0028       0.0008
     31.1250       0.0023       0.0007
     31.3750       0.0019       0.0007
     31.6250       0.0015       0.0006
     31.8750       0.0013       0.0005
     32.1250       0.0010       0.0004
     32.3750       0.0008       0.0004
     32.6250       0.0006       0.0003
     32.8750       0.0005       0.0003
     33.1250       0.0004       0.0003
     33.3750       0.0003       0.0002
     33.6250       0.0002       0.0002
     33.8750       0.0002       0.0002
     34.1250       0.0001       0.0001
     34.3750       0.0001       0.0001
     34.6250       0.0001       0.0001
     34.8750       0.0001       0.0001
     35.1250       0.0001       0.0001
     35.3750       0.0000       0.0001
     35.6250       0.0000       0.0001
     35.8750       0.0000       0.0000
     36.1250       0.0000       0.0000
     36.3750       0.0000       0.0000
     36.6250       0.0000       0.0000
     36.8750       0.0000       0.0000
     37.1250       0.0000       0.0000
     37.3750       0.0000       0.0000
     37.6250       0.0000       0.0000
     37.8750       0.0000       0.0000
     38.1250       0.0000       0.0000
     38.3750       0.0000       0.0000
     38.6250       0.0000       0.0000
     38.8750       0.0000       0.0000
     39.1250       0.0000       0.0000
     39.3750       0.0000       0.0000
     39.6250       0.0000       0.0000
     39.8750       0.0000       0.0000
     40.1250       0.0000       0.0000
