#Z                :PC|:OL  sd(:PC|:OL)
    -40.1250       0.0000       0.0000
    -39.8750       0.0000       0.0000
    -39.6250       0.0000       0.0000
    -39.3750       0.0000       0.0000
    -39.1250       0.0000       0.0000
    -38.8750       0.0000       0.0000
    -38.6250       0.0000       0.0000
    -38.3750       0.0000       0.0000
    -38.1250       0.0000       0.0000
    -37.8750       0.0000       0.0000
    -37.6250       0.0000       0.0000
    -37.3750       0.0000       0.0000
    -37.1250       0.0000       0.0000
    -36.8750       0.0000       0.0000
    -36.6250       0.0000       0.0000
    -36.3750       0.0000       0.0000
    -36.1250       0.0000       0.0000
    -35.8750       0.0000       0.0000
    -35.6250       0.0000       0.0000
    -35.3750       0.0000       0.0001
    -35.1250       0.0000       0.0001
    -34.8750       0.0000       0.0001
    -34.6250       0.0001       0.0001
    -34.3750       0.0001       0.0001
    -34.1250       0.0001       0.0001
    -33.8750       0.0002       0.0001
    -33.6250       0.0002       0.0002
    -33.3750       0.0003       0.0002
    -33.1250       0.0003       0.0002
    -32.8750       0.0005       0.0003
    -32.6250       0.0006       0.0003
    -32.3750       0.0007       0.0004
    -32.1250       0.0009       0.0004
    -31.8750       0.0011       0.0005
    -31.6250       0.0014       0.0006
    -31.3750       0.0017       0.0006
    -31.1250       0.0021       0.0007
    -30.8750       0.0025       0.0008
    -30.6250       0.0031       0.0009
    -30.3750       0.0038       0.0010
    -30.1250       0.0045       0.0012
    -29.8750       0.0053       0.0013
    -29.6250       0.0064       0.0014
    -29.3750       0.0076       0.0016
    -29.1250       0.0090       0.0018
    -28.8750       0.0104       0.0019
    -28.6250       0.0122       0.0020
    -28.3750       0.0141       0.0022
    -28.1250       0.0164       0.0024
    -27.8750       0.0189       0.0026
    -27.6250       0.0217       0.0028
    -27.3750       0.0247       0.0030
    -27.1250       0.0282       0.0032
    -26.8750       0.0319       0.0034
    -26.6250       0.0361       0.0035
    -26.3750       0.0406       0.0037
    -26.1250       0.0453       0.0039
    -25.8750       0.0505       0.0040
    -25.6250       0.0560       0.0042
    -25.3750       0.0619       0.0043
    -25.1250       0.0682       0.0044
    -24.8750       0.0748       0.0044
    -24.6250       0.0814       0.0045
    -24.3750       0.0889       0.0044
    -24.1250       0.0960       0.0044
    -23.8750       0.1039       0.0045
    -23.6250       0.1116       0.0044
    -23.3750       0.1192       0.0044
    -23.1250       0.1272       0.0044
    -22.8750       0.1352       0.0045
    -22.6250       0.1430       0.0045
    -22.3750       0.1512       0.0045
    -22.1250       0.1589       0.0046
    -21.8750       0.1663       0.0047
    -21.6250       0.1737       0.0048
    -21.3750       0.1806       0.0049
    -21.1250       0.1878       0.0050
    -20.8750       0.1943       0.0052
    -20.6250       0.2006       0.0053
    -20.3750       0.2056       0.0054
    -20.1250       0.2110       0.0056
    -19.8750       0.2156       0.0057
    -19.6250       0.2198       0.0058
    -19.3750       0.2240       0.0059
    -19.1250       0.2268       0.0060
    -18.8750       0.2298       0.0061
    -18.6250       0.2319       0.0061
    -18.3750       0.2337       0.0062
    -18.1250       0.2351       0.0062
    -17.8750       0.2360       0.0062
    -17.6250       0.2369       0.0062
    -17.3750       0.2371       0.0062
    -17.1250       0.2370       0.0063
    -16.8750       0.2365       0.0061
    -16.6250       0.2353       0.0061
    -16.3750       0.2344       0.0061
    -16.1250       0.2332       0.0060
    -15.8750       0.2307       0.0059
    -15.6250       0.2287       0.0058
    -15.3750       0.2262       0.0056
    -15.1250       0.2238       0.0054
    -14.8750       0.2206       0.0054
    -14.6250       0.2172       0.0051
    -14.3750       0.2142       0.0050
    -14.1250       0.2104       0.0049
    -13.8750       0.2069       0.0047
    -13.6250       0.2033       0.0046
    -13.3750       0.1997       0.0046
    -13.1250       0.1963       0.0043
    -12.8750       0.1922       0.0043
    -12.6250       0.1883       0.0042
    -12.3750       0.1851       0.0041
    -12.1250       0.1810       0.0040
    -11.8750       0.1781       0.0039
    -11.6250       0.1750       0.0039
    -11.3750       0.1718       0.0038
    -11.1250       0.1689       0.0038
    -10.8750       0.1666       0.0038
    -10.6250       0.1643       0.0037
    -10.3750       0.1620       0.0037
    -10.1250       0.1598       0.0037
     -9.8750       0.1579       0.0036
     -9.6250       0.1563       0.0037
     -9.3750       0.1544       0.0036
     -9.1250       0.1528       0.0036
     -8.8750       0.1512       0.0035
     -8.6250       0.1496       0.0034
     -8.3750       0.1487       0.0034
     -8.1250       0.1473       0.0034
     -7.8750       0.1460       0.0033
     -7.6250       0.1451       0.0033
     -7.3750       0.1438       0.0033
     -7.1250       0.1428       0.0032
     -6.8750       0.1416       0.0031
     -6.6250       0.1409       0.0031
     -6.3750       0.1395       0.0031
     -6.1250       0.1384       0.0032
     -5.8750       0.1374       0.0031
     -5.6250       0.1365       0.0031
     -5.3750       0.1355       0.0030
     -5.1250       0.1342       0.0030
     -4.8750       0.1330       0.0031
     -4.6250       0.1320       0.0030
     -4.3750       0.1309       0.0030
     -4.1250       0.1299       0.0030
     -3.8750       0.1288       0.0030
     -3.6250       0.1276       0.0030
     -3.3750       0.1266       0.0029
     -3.1250       0.1255       0.0029
     -2.8750       0.1243       0.0029
     -2.6250       0.1234       0.0029
     -2.3750       0.1225       0.0029
     -2.1250       0.1214       0.0029
     -1.8750       0.1208       0.0029
     -1.6250       0.1200       0.0029
     -1.3750       0.1194       0.0029
     -1.1250       0.1187       0.0029
     -0.8750       0.1182       0.0029
     -0.6250       0.1180       0.0029
     -0.3750       0.1176       0.0029
     -0.1250       0.1175       0.0029
      0.1250       0.1175       0.0029
      0.3750       0.1174       0.0029
      0.6250       0.1177       0.0029
      0.8750       0.1177       0.0029
      1.1250       0.1180       0.0029
      1.3750       0.1185       0.0029
      1.6250       0.1190       0.0029
      1.8750       0.1200       0.0029
      2.1250       0.1205       0.0029
      2.3750       0.1211       0.0029
      2.6250       0.1221       0.0029
      2.8750       0.1227       0.0029
      3.1250       0.1236       0.0029
      3.3750       0.1244       0.0029
      3.6250       0.1255       0.0029
      3.8750       0.1265       0.0030
      4.1250       0.1274       0.0029
      4.3750       0.1278       0.0029
      4.6250       0.1287       0.0030
      4.8750       0.1296       0.0030
      5.1250       0.1305       0.0030
      5.3750       0.1313       0.0030
      5.6250       0.1319       0.0030
      5.8750       0.1324       0.0030
      6.1250       0.1334       0.0030
      6.3750       0.1341       0.0030
      6.6250       0.1350       0.0031
      6.8750       0.1357       0.0031
      7.1250       0.1363       0.0031
      7.3750       0.1371       0.0031
      7.6250       0.1378       0.0031
      7.8750       0.1391       0.0031
      8.1250       0.1399       0.0032
      8.3750       0.1414       0.0032
      8.6250       0.1422       0.0032
      8.8750       0.1433       0.0033
      9.1250       0.1447       0.0033
      9.3750       0.1464       0.0035
      9.6250       0.1479       0.0035
      9.8750       0.1495       0.0035
     10.1250       0.1516       0.0037
     10.3750       0.1535       0.0037
     10.6250       0.1561       0.0038
     10.8750       0.1581       0.0038
     11.1250       0.1606       0.0039
     11.3750       0.1638       0.0040
     11.6250       0.1666       0.0040
     11.8750       0.1698       0.0040
     12.1250       0.1734       0.0042
     12.3750       0.1770       0.0042
     12.6250       0.1804       0.0042
     12.8750       0.1842       0.0042
     13.1250       0.1876       0.0041
     13.3750       0.1916       0.0043
     13.6250       0.1950       0.0043
     13.8750       0.1986       0.0043
     14.1250       0.2024       0.0045
     14.3750       0.2056       0.0045
     14.6250       0.2091       0.0046
     14.8750       0.2126       0.0047
     15.1250       0.2154       0.0048
     15.3750       0.2184       0.0049
     15.6250       0.2211       0.0051
     15.8750       0.2239       0.0053
     16.1250       0.2255       0.0053
     16.3750       0.2272       0.0055
     16.6250       0.2288       0.0057
     16.8750       0.2297       0.0057
     17.1250       0.2305       0.0059
     17.3750       0.2311       0.0059
     17.6250       0.2311       0.0062
     17.8750       0.2306       0.0061
     18.1250       0.2298       0.0063
     18.3750       0.2277       0.0063
     18.6250       0.2263       0.0064
     18.8750       0.2242       0.0065
     19.1250       0.2214       0.0065
     19.3750       0.2185       0.0065
     19.6250       0.2152       0.0065
     19.8750       0.2112       0.0065
     20.1250       0.2064       0.0064
     20.3750       0.2021       0.0063
     20.6250       0.1966       0.0062
     20.8750       0.1910       0.0060
     21.1250       0.1848       0.0058
     21.3750       0.1790       0.0056
     21.6250       0.1719       0.0054
     21.8750       0.1653       0.0052
     22.1250       0.1585       0.0050
     22.3750       0.1510       0.0048
     22.6250       0.1440       0.0046
     22.8750       0.1364       0.0045
     23.1250       0.1294       0.0043
     23.3750       0.1218       0.0041
     23.6250       0.1144       0.0041
     23.8750       0.1076       0.0040
     24.1250       0.1004       0.0040
     24.3750       0.0936       0.0040
     24.6250       0.0872       0.0040
     24.8750       0.0805       0.0040
     25.1250       0.0746       0.0039
     25.3750       0.0689       0.0040
     25.6250       0.0633       0.0040
     25.8750       0.0580       0.0040
     26.1250       0.0532       0.0039
     26.3750       0.0487       0.0039
     26.6250       0.0443       0.0039
     26.8750       0.0401       0.0038
     27.1250       0.0364       0.0037
     27.3750       0.0329       0.0036
     27.6250       0.0295       0.0035
     27.8750       0.0266       0.0034
     28.1250       0.0239       0.0033
     28.3750       0.0213       0.0032
     28.6250       0.0189       0.0030
     28.8750       0.0168       0.0029
     29.1250       0.0150       0.0027
     29.3750       0.0132       0.0025
     29.6250       0.0117       0.0024
     29.8750       0.0103       0.0022
     30.1250       0.0091       0.0021
     30.3750       0.0079       0.0019
     30.6250       0.0068       0.0017
     30.8750       0.0059       0.0016
     31.1250       0.0052       0.0015
     31.3750       0.0044       0.0013
     31.6250       0.0038       0.0012
     31.8750       0.0033       0.0011
     32.1250       0.0028       0.0010
     32.3750       0.0024       0.0009
     32.6250       0.0020       0.0008
     32.8750       0.0017       0.0007
     33.1250       0.0014       0.0006
     33.3750       0.0012       0.0005
     33.6250       0.0010       0.0005
     33.8750       0.0008       0.0004
     34.1250       0.0007       0.0004
     34.3750       0.0005       0.0003
     34.6250       0.0004       0.0003
     34.8750       0.0004       0.0002
     35.1250       0.0003       0.0002
     35.3750       0.0002       0.0002
     35.6250       0.0002       0.0002
     35.8750       0.0001       0.0001
     36.1250       0.0001       0.0001
     36.3750       0.0001       0.0001
     36.6250       0.0001       0.0001
     36.8750       0.0000       0.0001
     37.1250       0.0000       0.0001
     37.3750       0.0000       0.0000
     37.6250       0.0000       0.0000
     37.8750       0.0000       0.0000
     38.1250       0.0000       0.0000
     38.3750       0.0000       0.0000
     38.6250       0.0000       0.0000
     38.8750       0.0000       0.0000
     39.1250       0.0000       0.0000
     39.3750       0.0000       0.0000
     39.6250       0.0000       0.0000
     39.8750       0.0000       0.0000
     40.1250       0.0000       0.0000
     40.3750       0.0000       0.0000
     40.6250       0.0000       0.0000
