#Z                :PC|:OL  sd(:PC|:OL)
    -39.3750       0.0000       0.0000
    -39.1250       0.0000       0.0000
    -38.8750       0.0000       0.0000
    -38.6250       0.0000       0.0000
    -38.3750       0.0000       0.0000
    -38.1250       0.0000       0.0000
    -37.8750       0.0000       0.0000
    -37.6250       0.0000       0.0000
    -37.3750       0.0000       0.0000
    -37.1250       0.0000       0.0000
    -36.8750       0.0000       0.0000
    -36.6250       0.0000       0.0000
    -36.3750       0.0000       0.0000
    -36.1250       0.0000       0.0000
    -35.8750       0.0000       0.0000
    -35.6250       0.0000       0.0000
    -35.3750       0.0000       0.0000
    -35.1250       0.0000       0.0001
    -34.8750       0.0000       0.0001
    -34.6250       0.0001       0.0001
    -34.3750       0.0001       0.0001
    -34.1250       0.0001       0.0001
    -33.8750       0.0001       0.0001
    -33.6250       0.0002       0.0002
    -33.3750       0.0002       0.0002
    -33.1250       0.0003       0.0002
    -32.8750       0.0004       0.0003
    -32.6250       0.0005       0.0003
    -32.3750       0.0006       0.0004
    -32.1250       0.0008       0.0004
    -31.8750       0.0010       0.0005
    -31.6250       0.0012       0.0005
    -31.3750       0.0016       0.0007
    -31.1250       0.0019       0.0007
    -30.8750       0.0023       0.0008
    -30.6250       0.0028       0.0009
    -30.3750       0.0035       0.0010
    -30.1250       0.0042       0.0011
    -29.8750       0.0050       0.0013
    -29.6250       0.0060       0.0014
    -29.3750       0.0071       0.0015
    -29.1250       0.0084       0.0017
    -28.8750       0.0100       0.0018
    -28.6250       0.0116       0.0020
    -28.3750       0.0136       0.0021
    -28.1250       0.0158       0.0023
    -27.8750       0.0184       0.0025
    -27.6250       0.0210       0.0026
    -27.3750       0.0240       0.0027
    -27.1250       0.0274       0.0029
    -26.8750       0.0311       0.0030
    -26.6250       0.0351       0.0032
    -26.3750       0.0395       0.0033
    -26.1250       0.0443       0.0034
    -25.8750       0.0495       0.0035
    -25.6250       0.0548       0.0036
    -25.3750       0.0607       0.0037
    -25.1250       0.0668       0.0038
    -24.8750       0.0732       0.0038
    -24.6250       0.0801       0.0039
    -24.3750       0.0873       0.0040
    -24.1250       0.0946       0.0040
    -23.8750       0.1019       0.0040
    -23.6250       0.1097       0.0042
    -23.3750       0.1176       0.0041
    -23.1250       0.1254       0.0042
    -22.8750       0.1336       0.0042
    -22.6250       0.1413       0.0043
    -22.3750       0.1494       0.0044
    -22.1250       0.1576       0.0045
    -21.8750       0.1652       0.0046
    -21.6250       0.1725       0.0048
    -21.3750       0.1803       0.0049
    -21.1250       0.1870       0.0050
    -20.8750       0.1932       0.0052
    -20.6250       0.1997       0.0054
    -20.3750       0.2051       0.0055
    -20.1250       0.2110       0.0057
    -19.8750       0.2155       0.0057
    -19.6250       0.2200       0.0059
    -19.3750       0.2235       0.0058
    -19.1250       0.2274       0.0058
    -18.8750       0.2308       0.0060
    -18.6250       0.2330       0.0059
    -18.3750       0.2356       0.0060
    -18.1250       0.2378       0.0060
    -17.8750       0.2388       0.0059
    -17.6250       0.2399       0.0059
    -17.3750       0.2402       0.0059
    -17.1250       0.2401       0.0059
    -16.8750       0.2399       0.0057
    -16.6250       0.2386       0.0056
    -16.3750       0.2378       0.0056
    -16.1250       0.2360       0.0056
    -15.8750       0.2339       0.0054
    -15.6250       0.2315       0.0054
    -15.3750       0.2295       0.0053
    -15.1250       0.2258       0.0052
    -14.8750       0.2230       0.0051
    -14.6250       0.2192       0.0049
    -14.3750       0.2161       0.0048
    -14.1250       0.2125       0.0048
    -13.8750       0.2088       0.0046
    -13.6250       0.2049       0.0045
    -13.3750       0.2010       0.0044
    -13.1250       0.1971       0.0043
    -12.8750       0.1931       0.0042
    -12.6250       0.1899       0.0041
    -12.3750       0.1856       0.0042
    -12.1250       0.1822       0.0041
    -11.8750       0.1789       0.0040
    -11.6250       0.1759       0.0039
    -11.3750       0.1723       0.0038
    -11.1250       0.1698       0.0038
    -10.8750       0.1670       0.0038
    -10.6250       0.1642       0.0038
    -10.3750       0.1618       0.0038
    -10.1250       0.1595       0.0037
     -9.8750       0.1571       0.0036
     -9.6250       0.1556       0.0035
     -9.3750       0.1534       0.0035
     -9.1250       0.1517       0.0035
     -8.8750       0.1504       0.0034
     -8.6250       0.1490       0.0033
     -8.3750       0.1476       0.0033
     -8.1250       0.1464       0.0033
     -7.8750       0.1449       0.0032
     -7.6250       0.1440       0.0031
     -7.3750       0.1433       0.0032
     -7.1250       0.1419       0.0032
     -6.8750       0.1409       0.0031
     -6.6250       0.1400       0.0031
     -6.3750       0.1395       0.0031
     -6.1250       0.1381       0.0031
     -5.8750       0.1373       0.0031
     -5.6250       0.1364       0.0030
     -5.3750       0.1353       0.0030
     -5.1250       0.1349       0.0030
     -4.8750       0.1336       0.0030
     -4.6250       0.1329       0.0030
     -4.3750       0.1319       0.0029
     -4.1250       0.1307       0.0030
     -3.8750       0.1299       0.0030
     -3.6250       0.1287       0.0030
     -3.3750       0.1275       0.0029
     -3.1250       0.1265       0.0029
     -2.8750       0.1256       0.0030
     -2.6250       0.1244       0.0029
     -2.3750       0.1235       0.0029
     -2.1250       0.1224       0.0029
     -1.8750       0.1216       0.0029
     -1.6250       0.1208       0.0029
     -1.3750       0.1199       0.0029
     -1.1250       0.1193       0.0029
     -0.8750       0.1188       0.0029
     -0.6250       0.1181       0.0029
     -0.3750       0.1180       0.0029
     -0.1250       0.1175       0.0029
      0.1250       0.1177       0.0029
      0.3750       0.1176       0.0029
      0.6250       0.1182       0.0030
      0.8750       0.1180       0.0029
      1.1250       0.1186       0.0029
      1.3750       0.1191       0.0029
      1.6250       0.1195       0.0029
      1.8750       0.1204       0.0029
      2.1250       0.1208       0.0029
      2.3750       0.1215       0.0029
      2.6250       0.1225       0.0029
      2.8750       0.1231       0.0029
      3.1250       0.1242       0.0029
      3.3750       0.1248       0.0030
      3.6250       0.1259       0.0029
      3.8750       0.1270       0.0030
      4.1250       0.1275       0.0029
      4.3750       0.1282       0.0029
      4.6250       0.1293       0.0030
      4.8750       0.1301       0.0029
      5.1250       0.1311       0.0030
      5.3750       0.1316       0.0030
      5.6250       0.1324       0.0030
      5.8750       0.1331       0.0030
      6.1250       0.1339       0.0030
      6.3750       0.1349       0.0031
      6.6250       0.1348       0.0030
      6.8750       0.1356       0.0031
      7.1250       0.1367       0.0031
      7.3750       0.1374       0.0031
      7.6250       0.1381       0.0032
      7.8750       0.1387       0.0032
      8.1250       0.1393       0.0032
      8.3750       0.1407       0.0032
      8.6250       0.1416       0.0033
      8.8750       0.1426       0.0034
      9.1250       0.1440       0.0034
      9.3750       0.1456       0.0034
      9.6250       0.1466       0.0035
      9.8750       0.1481       0.0036
     10.1250       0.1502       0.0036
     10.3750       0.1529       0.0037
     10.6250       0.1548       0.0038
     10.8750       0.1572       0.0038
     11.1250       0.1595       0.0038
     11.3750       0.1625       0.0039
     11.6250       0.1657       0.0039
     11.8750       0.1688       0.0039
     12.1250       0.1722       0.0040
     12.3750       0.1753       0.0041
     12.6250       0.1794       0.0040
     12.8750       0.1832       0.0041
     13.1250       0.1867       0.0042
     13.3750       0.1910       0.0042
     13.6250       0.1942       0.0042
     13.8750       0.1981       0.0043
     14.1250       0.2026       0.0044
     14.3750       0.2060       0.0045
     14.6250       0.2099       0.0046
     14.8750       0.2130       0.0047
     15.1250       0.2163       0.0047
     15.3750       0.2196       0.0049
     15.6250       0.2223       0.0049
     15.8750       0.2254       0.0050
     16.1250       0.2275       0.0052
     16.3750       0.2297       0.0052
     16.6250       0.2316       0.0054
     16.8750       0.2332       0.0055
     17.1250       0.2344       0.0055
     17.3750       0.2349       0.0057
     17.6250       0.2356       0.0058
     17.8750       0.2348       0.0059
     18.1250       0.2344       0.0060
     18.3750       0.2338       0.0060
     18.6250       0.2318       0.0061
     18.8750       0.2299       0.0061
     19.1250       0.2273       0.0061
     19.3750       0.2245       0.0061
     19.6250       0.2203       0.0061
     19.8750       0.2169       0.0060
     20.1250       0.2123       0.0061
     20.3750       0.2072       0.0059
     20.6250       0.2024       0.0056
     20.8750       0.1964       0.0055
     21.1250       0.1900       0.0054
     21.3750       0.1836       0.0053
     21.6250       0.1771       0.0051
     21.8750       0.1699       0.0048
     22.1250       0.1628       0.0047
     22.3750       0.1550       0.0046
     22.6250       0.1476       0.0044
     22.8750       0.1398       0.0043
     23.1250       0.1320       0.0042
     23.3750       0.1241       0.0041
     23.6250       0.1161       0.0040
     23.8750       0.1089       0.0039
     24.1250       0.1013       0.0039
     24.3750       0.0944       0.0039
     24.6250       0.0873       0.0038
     24.8750       0.0805       0.0038
     25.1250       0.0733       0.0037
     25.3750       0.0673       0.0038
     25.6250       0.0614       0.0037
     25.8750       0.0558       0.0036
     26.1250       0.0504       0.0035
     26.3750       0.0455       0.0034
     26.6250       0.0409       0.0033
     26.8750       0.0364       0.0032
     27.1250       0.0324       0.0031
     27.3750       0.0288       0.0030
     27.6250       0.0254       0.0028
     27.8750       0.0225       0.0027
     28.1250       0.0196       0.0025
     28.3750       0.0170       0.0024
     28.6250       0.0148       0.0022
     28.8750       0.0129       0.0020
     29.1250       0.0111       0.0019
     29.3750       0.0096       0.0017
     29.6250       0.0081       0.0016
     29.8750       0.0070       0.0015
     30.1250       0.0059       0.0014
     30.3750       0.0050       0.0012
     30.6250       0.0042       0.0011
     30.8750       0.0035       0.0010
     31.1250       0.0029       0.0009
     31.3750       0.0025       0.0008
     31.6250       0.0020       0.0007
     31.8750       0.0017       0.0006
     32.1250       0.0013       0.0005
     32.3750       0.0011       0.0005
     32.6250       0.0009       0.0004
     32.8750       0.0007       0.0004
     33.1250       0.0006       0.0003
     33.3750       0.0005       0.0003
     33.6250       0.0004       0.0003
     33.8750       0.0003       0.0002
     34.1250       0.0002       0.0002
     34.3750       0.0002       0.0002
     34.6250       0.0001       0.0001
     34.8750       0.0001       0.0001
     35.1250       0.0001       0.0001
     35.3750       0.0001       0.0001
     35.6250       0.0001       0.0001
     35.8750       0.0000       0.0001
     36.1250       0.0000       0.0001
     36.3750       0.0000       0.0000
     36.6250       0.0000       0.0000
     36.8750       0.0000       0.0000
     37.1250       0.0000       0.0000
     37.3750       0.0000       0.0000
     37.6250       0.0000       0.0000
     37.8750       0.0000       0.0000
     38.1250       0.0000       0.0000
     38.3750       0.0000       0.0000
     38.6250       0.0000       0.0000
     38.8750       0.0000       0.0000
     39.1250       0.0000       0.0000
     39.3750       0.0000       0.0000
     39.6250       0.0000       0.0000
     39.8750       0.0000       0.0000
     40.1250       0.0000       0.0000
     40.3750       0.0000       0.0000
     40.6250       0.0000       0.0000
     40.8750       0.0000       0.0000
