#Z                :PC|:OL  sd(:PC|:OL)
    -37.8750       0.0000       0.0000
    -37.6250       0.0000       0.0000
    -37.3750       0.0000       0.0000
    -37.1250       0.0000       0.0000
    -36.8750       0.0000       0.0000
    -36.6250       0.0000       0.0000
    -36.3750       0.0000       0.0000
    -36.1250       0.0000       0.0000
    -35.8750       0.0000       0.0000
    -35.6250       0.0000       0.0000
    -35.3750       0.0000       0.0000
    -35.1250       0.0000       0.0000
    -34.8750       0.0000       0.0000
    -34.6250       0.0000       0.0000
    -34.3750       0.0000       0.0000
    -34.1250       0.0000       0.0000
    -33.8750       0.0000       0.0001
    -33.6250       0.0001       0.0001
    -33.3750       0.0001       0.0001
    -33.1250       0.0001       0.0001
    -32.8750       0.0001       0.0001
    -32.6250       0.0002       0.0002
    -32.3750       0.0002       0.0002
    -32.1250       0.0003       0.0002
    -31.8750       0.0004       0.0002
    -31.6250       0.0006       0.0003
    -31.3750       0.0007       0.0003
    -31.1250       0.0009       0.0004
    -30.8750       0.0012       0.0004
    -30.6250       0.0015       0.0005
    -30.3750       0.0019       0.0006
    -30.1250       0.0023       0.0007
    -29.8750       0.0029       0.0008
    -29.6250       0.0036       0.0009
    -29.3750       0.0044       0.0010
    -29.1250       0.0053       0.0011
    -28.8750       0.0065       0.0012
    -28.6250       0.0078       0.0013
    -28.3750       0.0093       0.0015
    -28.1250       0.0110       0.0016
    -27.8750       0.0131       0.0018
    -27.6250       0.0154       0.0020
    -27.3750       0.0180       0.0021
    -27.1250       0.0208       0.0023
    -26.8750       0.0243       0.0024
    -26.6250       0.0276       0.0026
    -26.3750       0.0318       0.0027
    -26.1250       0.0360       0.0029
    -25.8750       0.0407       0.0029
    -25.6250       0.0461       0.0031
    -25.3750       0.0515       0.0033
    -25.1250       0.0576       0.0033
    -24.8750       0.0641       0.0035
    -24.6250       0.0710       0.0035
    -24.3750       0.0784       0.0036
    -24.1250       0.0861       0.0037
    -23.8750       0.0941       0.0038
    -23.6250       0.1021       0.0038
    -23.3750       0.1110       0.0038
    -23.1250       0.1191       0.0040
    -22.8750       0.1284       0.0041
    -22.6250       0.1379       0.0042
    -22.3750       0.1468       0.0043
    -22.1250       0.1553       0.0044
    -21.8750       0.1638       0.0046
    -21.6250       0.1725       0.0047
    -21.3750       0.1806       0.0048
    -21.1250       0.1884       0.0050
    -20.8750       0.1959       0.0051
    -20.6250       0.2033       0.0052
    -20.3750       0.2101       0.0054
    -20.1250       0.2157       0.0054
    -19.8750       0.2213       0.0056
    -19.6250       0.2269       0.0056
    -19.3750       0.2312       0.0057
    -19.1250       0.2351       0.0057
    -18.8750       0.2385       0.0057
    -18.6250       0.2415       0.0057
    -18.3750       0.2440       0.0057
    -18.1250       0.2459       0.0058
    -17.8750       0.2477       0.0057
    -17.6250       0.2485       0.0056
    -17.3750       0.2490       0.0055
    -17.1250       0.2490       0.0055
    -16.8750       0.2485       0.0055
    -16.6250       0.2478       0.0055
    -16.3750       0.2459       0.0053
    -16.1250       0.2442       0.0054
    -15.8750       0.2422       0.0053
    -15.6250       0.2397       0.0051
    -15.3750       0.2367       0.0050
    -15.1250       0.2328       0.0050
    -14.8750       0.2293       0.0049
    -14.6250       0.2261       0.0048
    -14.3750       0.2215       0.0047
    -14.1250       0.2176       0.0046
    -13.8750       0.2130       0.0045
    -13.6250       0.2086       0.0044
    -13.3750       0.2044       0.0043
    -13.1250       0.1998       0.0042
    -12.8750       0.1954       0.0041
    -12.6250       0.1911       0.0040
    -12.3750       0.1872       0.0040
    -12.1250       0.1825       0.0039
    -11.8750       0.1789       0.0039
    -11.6250       0.1751       0.0038
    -11.3750       0.1713       0.0038
    -11.1250       0.1682       0.0038
    -10.8750       0.1647       0.0037
    -10.6250       0.1622       0.0037
    -10.3750       0.1594       0.0036
    -10.1250       0.1568       0.0036
     -9.8750       0.1550       0.0035
     -9.6250       0.1525       0.0035
     -9.3750       0.1512       0.0034
     -9.1250       0.1496       0.0034
     -8.8750       0.1480       0.0033
     -8.6250       0.1468       0.0032
     -8.3750       0.1456       0.0033
     -8.1250       0.1447       0.0032
     -7.8750       0.1437       0.0031
     -7.6250       0.1426       0.0032
     -7.3750       0.1417       0.0030
     -7.1250       0.1413       0.0031
     -6.8750       0.1402       0.0032
     -6.6250       0.1394       0.0031
     -6.3750       0.1388       0.0031
     -6.1250       0.1376       0.0031
     -5.8750       0.1369       0.0030
     -5.6250       0.1361       0.0030
     -5.3750       0.1352       0.0030
     -5.1250       0.1343       0.0030
     -4.8750       0.1332       0.0030
     -4.6250       0.1323       0.0030
     -4.3750       0.1313       0.0030
     -4.1250       0.1301       0.0030
     -3.8750       0.1291       0.0030
     -3.6250       0.1278       0.0029
     -3.3750       0.1268       0.0030
     -3.1250       0.1256       0.0029
     -2.8750       0.1245       0.0029
     -2.6250       0.1235       0.0029
     -2.3750       0.1223       0.0029
     -2.1250       0.1215       0.0029
     -1.8750       0.1203       0.0029
     -1.6250       0.1192       0.0028
     -1.3750       0.1183       0.0029
     -1.1250       0.1176       0.0028
     -0.8750       0.1171       0.0028
     -0.6250       0.1163       0.0029
     -0.3750       0.1161       0.0029
     -0.1250       0.1156       0.0029
      0.1250       0.1154       0.0028
      0.3750       0.1156       0.0029
      0.6250       0.1158       0.0029
      0.8750       0.1159       0.0029
      1.1250       0.1162       0.0028
      1.3750       0.1170       0.0029
      1.6250       0.1175       0.0029
      1.8750       0.1183       0.0029
      2.1250       0.1191       0.0029
      2.3750       0.1198       0.0029
      2.6250       0.1210       0.0029
      2.8750       0.1217       0.0029
      3.1250       0.1227       0.0028
      3.3750       0.1240       0.0029
      3.6250       0.1247       0.0029
      3.8750       0.1260       0.0030
      4.1250       0.1269       0.0030
      4.3750       0.1277       0.0029
      4.6250       0.1285       0.0030
      4.8750       0.1295       0.0029
      5.1250       0.1307       0.0029
      5.3750       0.1315       0.0030
      5.6250       0.1323       0.0029
      5.8750       0.1327       0.0030
      6.1250       0.1338       0.0030
      6.3750       0.1342       0.0030
      6.6250       0.1350       0.0030
      6.8750       0.1356       0.0030
      7.1250       0.1360       0.0030
      7.3750       0.1366       0.0030
      7.6250       0.1376       0.0030
      7.8750       0.1380       0.0031
      8.1250       0.1388       0.0031
      8.3750       0.1396       0.0031
      8.6250       0.1399       0.0031
      8.8750       0.1412       0.0032
      9.1250       0.1421       0.0032
      9.3750       0.1432       0.0032
      9.6250       0.1445       0.0033
      9.8750       0.1460       0.0033
     10.1250       0.1475       0.0034
     10.3750       0.1495       0.0035
     10.6250       0.1516       0.0035
     10.8750       0.1539       0.0036
     11.1250       0.1566       0.0037
     11.3750       0.1592       0.0037
     11.6250       0.1624       0.0038
     11.8750       0.1658       0.0038
     12.1250       0.1692       0.0039
     12.3750       0.1730       0.0039
     12.6250       0.1768       0.0040
     12.8750       0.1809       0.0041
     13.1250       0.1844       0.0040
     13.3750       0.1894       0.0041
     13.6250       0.1936       0.0042
     13.8750       0.1984       0.0042
     14.1250       0.2022       0.0044
     14.3750       0.2067       0.0044
     14.6250       0.2112       0.0044
     14.8750       0.2145       0.0046
     15.1250       0.2184       0.0046
     15.3750       0.2215       0.0047
     15.6250       0.2257       0.0049
     15.8750       0.2291       0.0050
     16.1250       0.2313       0.0050
     16.3750       0.2341       0.0050
     16.6250       0.2361       0.0050
     16.8750       0.2379       0.0051
     17.1250       0.2396       0.0052
     17.3750       0.2402       0.0052
     17.6250       0.2409       0.0053
     17.8750       0.2409       0.0053
     18.1250       0.2403       0.0055
     18.3750       0.2390       0.0054
     18.6250       0.2375       0.0055
     18.8750       0.2353       0.0055
     19.1250       0.2329       0.0056
     19.3750       0.2293       0.0055
     19.6250       0.2259       0.0056
     19.8750       0.2214       0.0056
     20.1250       0.2173       0.0055
     20.3750       0.2117       0.0055
     20.6250       0.2065       0.0054
     20.8750       0.1998       0.0054
     21.1250       0.1938       0.0051
     21.3750       0.1862       0.0050
     21.6250       0.1788       0.0049
     21.8750       0.1718       0.0048
     22.1250       0.1638       0.0046
     22.3750       0.1555       0.0045
     22.6250       0.1470       0.0043
     22.8750       0.1390       0.0043
     23.1250       0.1306       0.0041
     23.3750       0.1219       0.0040
     23.6250       0.1137       0.0038
     23.8750       0.1058       0.0038
     24.1250       0.0976       0.0037
     24.3750       0.0900       0.0036
     24.6250       0.0823       0.0035
     24.8750       0.0753       0.0035
     25.1250       0.0683       0.0034
     25.3750       0.0619       0.0033
     25.6250       0.0559       0.0032
     25.8750       0.0499       0.0030
     26.1250       0.0448       0.0030
     26.3750       0.0398       0.0029
     26.6250       0.0349       0.0027
     26.8750       0.0308       0.0026
     27.1250       0.0271       0.0025
     27.3750       0.0237       0.0024
     27.6250       0.0206       0.0022
     27.8750       0.0177       0.0020
     28.1250       0.0153       0.0019
     28.3750       0.0131       0.0018
     28.6250       0.0112       0.0016
     28.8750       0.0095       0.0015
     29.1250       0.0081       0.0014
     29.3750       0.0068       0.0013
     29.6250       0.0057       0.0011
     29.8750       0.0047       0.0010
     30.1250       0.0039       0.0010
     30.3750       0.0032       0.0008
     30.6250       0.0026       0.0008
     30.8750       0.0021       0.0007
     31.1250       0.0016       0.0006
     31.3750       0.0014       0.0005
     31.6250       0.0011       0.0004
     31.8750       0.0009       0.0004
     32.1250       0.0007       0.0003
     32.3750       0.0005       0.0003
     32.6250       0.0004       0.0003
     32.8750       0.0003       0.0002
     33.1250       0.0002       0.0002
     33.3750       0.0002       0.0002
     33.6250       0.0001       0.0001
     33.8750       0.0001       0.0001
     34.1250       0.0001       0.0001
     34.3750       0.0001       0.0001
     34.6250       0.0000       0.0001
     34.8750       0.0000       0.0001
     35.1250       0.0000       0.0001
     35.3750       0.0000       0.0000
     35.6250       0.0000       0.0000
     35.8750       0.0000       0.0000
     36.1250       0.0000       0.0000
     36.3750       0.0000       0.0000
     36.6250       0.0000       0.0000
     36.8750       0.0000       0.0000
     37.1250       0.0000       0.0000
     37.3750       0.0000       0.0000
     37.6250       0.0000       0.0000
     37.8750       0.0000       0.0000
     38.1250       0.0000       0.0000
     38.3750       0.0000       0.0000
     38.6250       0.0000       0.0000
