#Z                :PC|:OL  sd(:PC|:OL)
    -39.3750       0.0000       0.0000
    -39.1250       0.0000       0.0000
    -38.8750       0.0000       0.0000
    -38.6250       0.0000       0.0000
    -38.3750       0.0000       0.0000
    -38.1250       0.0000       0.0000
    -37.8750       0.0000       0.0000
    -37.6250       0.0000       0.0000
    -37.3750       0.0000       0.0000
    -37.1250       0.0000       0.0000
    -36.8750       0.0000       0.0000
    -36.6250       0.0000       0.0000
    -36.3750       0.0000       0.0000
    -36.1250       0.0000       0.0000
    -35.8750       0.0000       0.0000
    -35.6250       0.0000       0.0000
    -35.3750       0.0000       0.0000
    -35.1250       0.0000       0.0000
    -34.8750       0.0000       0.0000
    -34.6250       0.0000       0.0001
    -34.3750       0.0000       0.0001
    -34.1250       0.0001       0.0001
    -33.8750       0.0001       0.0001
    -33.6250       0.0001       0.0001
    -33.3750       0.0001       0.0001
    -33.1250       0.0002       0.0001
    -32.8750       0.0002       0.0002
    -32.6250       0.0003       0.0002
    -32.3750       0.0004       0.0002
    -32.1250       0.0005       0.0003
    -31.8750       0.0006       0.0003
    -31.6250       0.0008       0.0004
    -31.3750       0.0010       0.0004
    -31.1250       0.0012       0.0005
    -30.8750       0.0015       0.0005
    -30.6250       0.0019       0.0006
    -30.3750       0.0024       0.0007
    -30.1250       0.0029       0.0008
    -29.8750       0.0036       0.0010
    -29.6250       0.0044       0.0011
    -29.3750       0.0053       0.0012
    -29.1250       0.0064       0.0013
    -28.8750       0.0075       0.0015
    -28.6250       0.0089       0.0017
    -28.3750       0.0107       0.0018
    -28.1250       0.0126       0.0020
    -27.8750       0.0147       0.0022
    -27.6250       0.0169       0.0024
    -27.3750       0.0197       0.0026
    -27.1250       0.0226       0.0027
    -26.8750       0.0261       0.0029
    -26.6250       0.0297       0.0031
    -26.3750       0.0338       0.0033
    -26.1250       0.0383       0.0034
    -25.8750       0.0430       0.0035
    -25.6250       0.0481       0.0037
    -25.3750       0.0539       0.0038
    -25.1250       0.0598       0.0039
    -24.8750       0.0662       0.0040
    -24.6250       0.0731       0.0041
    -24.3750       0.0804       0.0041
    -24.1250       0.0879       0.0041
    -23.8750       0.0955       0.0042
    -23.6250       0.1035       0.0042
    -23.3750       0.1117       0.0042
    -23.1250       0.1203       0.0042
    -22.8750       0.1291       0.0043
    -22.6250       0.1375       0.0044
    -22.3750       0.1458       0.0043
    -22.1250       0.1550       0.0045
    -21.8750       0.1635       0.0046
    -21.6250       0.1717       0.0047
    -21.3750       0.1799       0.0049
    -21.1250       0.1875       0.0051
    -20.8750       0.1951       0.0053
    -20.6250       0.2019       0.0054
    -20.3750       0.2085       0.0055
    -20.1250       0.2143       0.0058
    -19.8750       0.2199       0.0058
    -19.6250       0.2247       0.0060
    -19.3750       0.2296       0.0060
    -19.1250       0.2329       0.0061
    -18.8750       0.2364       0.0060
    -18.6250       0.2389       0.0060
    -18.3750       0.2419       0.0060
    -18.1250       0.2432       0.0060
    -17.8750       0.2445       0.0060
    -17.6250       0.2456       0.0059
    -17.3750       0.2461       0.0059
    -17.1250       0.2461       0.0060
    -16.8750       0.2455       0.0058
    -16.6250       0.2446       0.0058
    -16.3750       0.2432       0.0058
    -16.1250       0.2410       0.0056
    -15.8750       0.2391       0.0055
    -15.6250       0.2368       0.0054
    -15.3750       0.2334       0.0053
    -15.1250       0.2304       0.0053
    -14.8750       0.2272       0.0051
    -14.6250       0.2232       0.0050
    -14.3750       0.2192       0.0049
    -14.1250       0.2155       0.0048
    -13.8750       0.2112       0.0046
    -13.6250       0.2071       0.0045
    -13.3750       0.2027       0.0044
    -13.1250       0.1989       0.0044
    -12.8750       0.1942       0.0043
    -12.6250       0.1897       0.0040
    -12.3750       0.1857       0.0041
    -12.1250       0.1818       0.0039
    -11.8750       0.1780       0.0040
    -11.6250       0.1741       0.0039
    -11.3750       0.1706       0.0038
    -11.1250       0.1672       0.0039
    -10.8750       0.1646       0.0038
    -10.6250       0.1617       0.0038
    -10.3750       0.1593       0.0037
    -10.1250       0.1574       0.0036
     -9.8750       0.1550       0.0037
     -9.6250       0.1532       0.0036
     -9.3750       0.1514       0.0035
     -9.1250       0.1502       0.0035
     -8.8750       0.1489       0.0034
     -8.6250       0.1477       0.0034
     -8.3750       0.1463       0.0033
     -8.1250       0.1455       0.0033
     -7.8750       0.1441       0.0032
     -7.6250       0.1435       0.0031
     -7.3750       0.1427       0.0032
     -7.1250       0.1418       0.0031
     -6.8750       0.1409       0.0031
     -6.6250       0.1401       0.0031
     -6.3750       0.1393       0.0031
     -6.1250       0.1383       0.0030
     -5.8750       0.1374       0.0031
     -5.6250       0.1364       0.0031
     -5.3750       0.1352       0.0030
     -5.1250       0.1348       0.0031
     -4.8750       0.1338       0.0029
     -4.6250       0.1324       0.0030
     -4.3750       0.1315       0.0029
     -4.1250       0.1306       0.0030
     -3.8750       0.1296       0.0029
     -3.6250       0.1283       0.0029
     -3.3750       0.1272       0.0029
     -3.1250       0.1259       0.0029
     -2.8750       0.1250       0.0029
     -2.6250       0.1238       0.0029
     -2.3750       0.1225       0.0029
     -2.1250       0.1217       0.0029
     -1.8750       0.1205       0.0028
     -1.6250       0.1192       0.0029
     -1.3750       0.1187       0.0029
     -1.1250       0.1179       0.0028
     -0.8750       0.1174       0.0029
     -0.6250       0.1166       0.0029
     -0.3750       0.1165       0.0029
     -0.1250       0.1160       0.0029
      0.1250       0.1154       0.0029
      0.3750       0.1157       0.0030
      0.6250       0.1160       0.0029
      0.8750       0.1163       0.0029
      1.1250       0.1163       0.0029
      1.3750       0.1166       0.0029
      1.6250       0.1174       0.0029
      1.8750       0.1181       0.0029
      2.1250       0.1187       0.0029
      2.3750       0.1195       0.0029
      2.6250       0.1207       0.0029
      2.8750       0.1217       0.0029
      3.1250       0.1223       0.0029
      3.3750       0.1233       0.0029
      3.6250       0.1246       0.0029
      3.8750       0.1257       0.0029
      4.1250       0.1266       0.0029
      4.3750       0.1274       0.0030
      4.6250       0.1281       0.0030
      4.8750       0.1291       0.0030
      5.1250       0.1301       0.0030
      5.3750       0.1313       0.0030
      5.6250       0.1321       0.0030
      5.8750       0.1328       0.0030
      6.1250       0.1334       0.0030
      6.3750       0.1343       0.0030
      6.6250       0.1349       0.0030
      6.8750       0.1359       0.0030
      7.1250       0.1365       0.0030
      7.3750       0.1373       0.0030
      7.6250       0.1386       0.0030
      7.8750       0.1389       0.0030
      8.1250       0.1400       0.0032
      8.3750       0.1411       0.0031
      8.6250       0.1418       0.0032
      8.8750       0.1428       0.0032
      9.1250       0.1441       0.0032
      9.3750       0.1457       0.0033
      9.6250       0.1468       0.0033
      9.8750       0.1481       0.0034
     10.1250       0.1500       0.0035
     10.3750       0.1521       0.0035
     10.6250       0.1541       0.0036
     10.8750       0.1562       0.0036
     11.1250       0.1589       0.0038
     11.3750       0.1619       0.0038
     11.6250       0.1645       0.0039
     11.8750       0.1675       0.0039
     12.1250       0.1711       0.0040
     12.3750       0.1747       0.0040
     12.6250       0.1783       0.0040
     12.8750       0.1816       0.0041
     13.1250       0.1861       0.0041
     13.3750       0.1896       0.0042
     13.6250       0.1934       0.0043
     13.8750       0.1983       0.0044
     14.1250       0.2017       0.0044
     14.3750       0.2059       0.0044
     14.6250       0.2098       0.0045
     14.8750       0.2136       0.0047
     15.1250       0.2173       0.0048
     15.3750       0.2209       0.0048
     15.6250       0.2240       0.0049
     15.8750       0.2269       0.0051
     16.1250       0.2301       0.0052
     16.3750       0.2320       0.0052
     16.6250       0.2337       0.0054
     16.8750       0.2351       0.0055
     17.1250       0.2360       0.0055
     17.3750       0.2365       0.0055
     17.6250       0.2368       0.0057
     17.8750       0.2362       0.0059
     18.1250       0.2355       0.0059
     18.3750       0.2347       0.0060
     18.6250       0.2325       0.0059
     18.8750       0.2307       0.0059
     19.1250       0.2277       0.0060
     19.3750       0.2251       0.0059
     19.6250       0.2211       0.0060
     19.8750       0.2172       0.0059
     20.1250       0.2128       0.0058
     20.3750       0.2074       0.0059
     20.6250       0.2021       0.0056
     20.8750       0.1960       0.0056
     21.1250       0.1899       0.0055
     21.3750       0.1833       0.0054
     21.6250       0.1768       0.0052
     21.8750       0.1684       0.0050
     22.1250       0.1615       0.0049
     22.3750       0.1534       0.0047
     22.6250       0.1457       0.0045
     22.8750       0.1374       0.0044
     23.1250       0.1295       0.0042
     23.3750       0.1213       0.0041
     23.6250       0.1138       0.0041
     23.8750       0.1056       0.0040
     24.1250       0.0979       0.0039
     24.3750       0.0905       0.0039
     24.6250       0.0835       0.0039
     24.8750       0.0765       0.0038
     25.1250       0.0701       0.0037
     25.3750       0.0637       0.0036
     25.6250       0.0577       0.0036
     25.8750       0.0523       0.0035
     26.1250       0.0468       0.0034
     26.3750       0.0421       0.0033
     26.6250       0.0377       0.0033
     26.8750       0.0334       0.0031
     27.1250       0.0298       0.0030
     27.3750       0.0262       0.0029
     27.6250       0.0230       0.0028
     27.8750       0.0202       0.0026
     28.1250       0.0176       0.0025
     28.3750       0.0152       0.0023
     28.6250       0.0132       0.0022
     28.8750       0.0114       0.0021
     29.1250       0.0098       0.0019
     29.3750       0.0084       0.0018
     29.6250       0.0072       0.0017
     29.8750       0.0061       0.0016
     30.1250       0.0051       0.0014
     30.3750       0.0044       0.0014
     30.6250       0.0037       0.0012
     30.8750       0.0031       0.0011
     31.1250       0.0026       0.0010
     31.3750       0.0022       0.0010
     31.6250       0.0018       0.0009
     31.8750       0.0015       0.0008
     32.1250       0.0013       0.0007
     32.3750       0.0011       0.0006
     32.6250       0.0009       0.0006
     32.8750       0.0007       0.0005
     33.1250       0.0006       0.0004
     33.3750       0.0005       0.0004
     33.6250       0.0004       0.0003
     33.8750       0.0003       0.0003
     34.1250       0.0003       0.0003
     34.3750       0.0002       0.0002
     34.6250       0.0002       0.0002
     34.8750       0.0001       0.0002
     35.1250       0.0001       0.0002
     35.3750       0.0001       0.0001
     35.6250       0.0001       0.0001
     35.8750       0.0001       0.0001
     36.1250       0.0001       0.0001
     36.3750       0.0000       0.0001
     36.6250       0.0000       0.0001
     36.8750       0.0000       0.0000
     37.1250       0.0000       0.0000
     37.3750       0.0000       0.0000
     37.6250       0.0000       0.0000
     37.8750       0.0000       0.0000
     38.1250       0.0000       0.0000
     38.3750       0.0000       0.0000
     38.6250       0.0000       0.0000
     38.8750       0.0000       0.0000
     39.1250       0.0000       0.0000
     39.3750       0.0000       0.0000
     39.6250       0.0000       0.0000
     39.8750       0.0000       0.0000
     40.1250       0.0000       0.0000
     40.3750       0.0000       0.0000
     40.6250       0.0000       0.0000
     40.8750       0.0000       0.0000
     41.1250       0.0000       0.0000
