#Z                :PC|:OL  sd(:PC|:OL)
    -39.3750       0.0000       0.0000
    -39.1250       0.0000       0.0000
    -38.8750       0.0000       0.0000
    -38.6250       0.0000       0.0000
    -38.3750       0.0000       0.0000
    -38.1250       0.0000       0.0000
    -37.8750       0.0000       0.0000
    -37.6250       0.0000       0.0000
    -37.3750       0.0000       0.0000
    -37.1250       0.0000       0.0000
    -36.8750       0.0000       0.0000
    -36.6250       0.0000       0.0000
    -36.3750       0.0000       0.0000
    -36.1250       0.0000       0.0000
    -35.8750       0.0000       0.0000
    -35.6250       0.0000       0.0000
    -35.3750       0.0000       0.0000
    -35.1250       0.0000       0.0000
    -34.8750       0.0000       0.0001
    -34.6250       0.0000       0.0001
    -34.3750       0.0001       0.0001
    -34.1250       0.0001       0.0001
    -33.8750       0.0001       0.0001
    -33.6250       0.0001       0.0001
    -33.3750       0.0002       0.0002
    -33.1250       0.0002       0.0002
    -32.8750       0.0003       0.0002
    -32.6250       0.0004       0.0003
    -32.3750       0.0005       0.0003
    -32.1250       0.0007       0.0004
    -31.8750       0.0008       0.0004
    -31.6250       0.0010       0.0005
    -31.3750       0.0013       0.0005
    -31.1250       0.0016       0.0006
    -30.8750       0.0020       0.0007
    -30.6250       0.0024       0.0008
    -30.3750       0.0029       0.0009
    -30.1250       0.0035       0.0010
    -29.8750       0.0042       0.0011
    -29.6250       0.0051       0.0013
    -29.3750       0.0061       0.0014
    -29.1250       0.0072       0.0015
    -28.8750       0.0086       0.0017
    -28.6250       0.0101       0.0018
    -28.3750       0.0120       0.0020
    -28.1250       0.0138       0.0021
    -27.8750       0.0159       0.0023
    -27.6250       0.0183       0.0025
    -27.3750       0.0212       0.0026
    -27.1250       0.0243       0.0028
    -26.8750       0.0277       0.0029
    -26.6250       0.0315       0.0030
    -26.3750       0.0355       0.0032
    -26.1250       0.0400       0.0033
    -25.8750       0.0450       0.0034
    -25.6250       0.0502       0.0035
    -25.3750       0.0559       0.0036
    -25.1250       0.0619       0.0037
    -24.8750       0.0682       0.0037
    -24.6250       0.0750       0.0038
    -24.3750       0.0824       0.0038
    -24.1250       0.0900       0.0039
    -23.8750       0.0973       0.0039
    -23.6250       0.1054       0.0039
    -23.3750       0.1134       0.0039
    -23.1250       0.1221       0.0040
    -22.8750       0.1306       0.0041
    -22.6250       0.1389       0.0042
    -22.3750       0.1473       0.0043
    -22.1250       0.1559       0.0044
    -21.8750       0.1645       0.0047
    -21.6250       0.1721       0.0048
    -21.3750       0.1799       0.0051
    -21.1250       0.1874       0.0051
    -20.8750       0.1945       0.0052
    -20.6250       0.2015       0.0054
    -20.3750       0.2077       0.0056
    -20.1250       0.2133       0.0057
    -19.8750       0.2189       0.0059
    -19.6250       0.2235       0.0059
    -19.3750       0.2281       0.0060
    -19.1250       0.2319       0.0060
    -18.8750       0.2352       0.0060
    -18.6250       0.2377       0.0060
    -18.3750       0.2406       0.0059
    -18.1250       0.2423       0.0060
    -17.8750       0.2437       0.0059
    -17.6250       0.2443       0.0058
    -17.3750       0.2448       0.0057
    -17.1250       0.2446       0.0056
    -16.8750       0.2441       0.0056
    -16.6250       0.2434       0.0056
    -16.3750       0.2422       0.0054
    -16.1250       0.2404       0.0053
    -15.8750       0.2386       0.0053
    -15.6250       0.2359       0.0052
    -15.3750       0.2334       0.0051
    -15.1250       0.2303       0.0049
    -14.8750       0.2269       0.0049
    -14.6250       0.2232       0.0048
    -14.3750       0.2194       0.0047
    -14.1250       0.2158       0.0046
    -13.8750       0.2112       0.0045
    -13.6250       0.2071       0.0044
    -13.3750       0.2031       0.0043
    -13.1250       0.1985       0.0042
    -12.8750       0.1943       0.0042
    -12.6250       0.1901       0.0041
    -12.3750       0.1862       0.0041
    -12.1250       0.1827       0.0040
    -11.8750       0.1786       0.0039
    -11.6250       0.1751       0.0039
    -11.3750       0.1715       0.0039
    -11.1250       0.1686       0.0039
    -10.8750       0.1652       0.0038
    -10.6250       0.1628       0.0038
    -10.3750       0.1601       0.0037
    -10.1250       0.1573       0.0036
     -9.8750       0.1552       0.0036
     -9.6250       0.1536       0.0034
     -9.3750       0.1514       0.0035
     -9.1250       0.1500       0.0035
     -8.8750       0.1486       0.0034
     -8.6250       0.1472       0.0033
     -8.3750       0.1458       0.0033
     -8.1250       0.1448       0.0032
     -7.8750       0.1436       0.0032
     -7.6250       0.1429       0.0031
     -7.3750       0.1420       0.0032
     -7.1250       0.1409       0.0031
     -6.8750       0.1402       0.0031
     -6.6250       0.1395       0.0031
     -6.3750       0.1389       0.0030
     -6.1250       0.1380       0.0031
     -5.8750       0.1369       0.0031
     -5.6250       0.1363       0.0030
     -5.3750       0.1354       0.0030
     -5.1250       0.1343       0.0030
     -4.8750       0.1334       0.0030
     -4.6250       0.1323       0.0030
     -4.3750       0.1315       0.0030
     -4.1250       0.1302       0.0029
     -3.8750       0.1294       0.0030
     -3.6250       0.1281       0.0029
     -3.3750       0.1271       0.0029
     -3.1250       0.1259       0.0029
     -2.8750       0.1247       0.0029
     -2.6250       0.1234       0.0029
     -2.3750       0.1222       0.0029
     -2.1250       0.1215       0.0029
     -1.8750       0.1207       0.0029
     -1.6250       0.1197       0.0029
     -1.3750       0.1189       0.0029
     -1.1250       0.1181       0.0029
     -0.8750       0.1176       0.0029
     -0.6250       0.1171       0.0029
     -0.3750       0.1168       0.0029
     -0.1250       0.1162       0.0029
      0.1250       0.1161       0.0029
      0.3750       0.1162       0.0029
      0.6250       0.1164       0.0029
      0.8750       0.1166       0.0029
      1.1250       0.1170       0.0029
      1.3750       0.1174       0.0029
      1.6250       0.1181       0.0028
      1.8750       0.1189       0.0029
      2.1250       0.1192       0.0029
      2.3750       0.1205       0.0029
      2.6250       0.1212       0.0029
      2.8750       0.1226       0.0029
      3.1250       0.1231       0.0028
      3.3750       0.1243       0.0030
      3.6250       0.1252       0.0029
      3.8750       0.1265       0.0029
      4.1250       0.1270       0.0029
      4.3750       0.1283       0.0030
      4.6250       0.1290       0.0030
      4.8750       0.1301       0.0030
      5.1250       0.1311       0.0030
      5.3750       0.1320       0.0030
      5.6250       0.1329       0.0030
      5.8750       0.1338       0.0030
      6.1250       0.1346       0.0030
      6.3750       0.1355       0.0030
      6.6250       0.1362       0.0030
      6.8750       0.1372       0.0031
      7.1250       0.1380       0.0031
      7.3750       0.1386       0.0030
      7.6250       0.1394       0.0031
      7.8750       0.1400       0.0031
      8.1250       0.1411       0.0032
      8.3750       0.1421       0.0032
      8.6250       0.1428       0.0032
      8.8750       0.1439       0.0033
      9.1250       0.1449       0.0034
      9.3750       0.1458       0.0034
      9.6250       0.1477       0.0035
      9.8750       0.1492       0.0034
     10.1250       0.1510       0.0036
     10.3750       0.1528       0.0037
     10.6250       0.1548       0.0037
     10.8750       0.1567       0.0037
     11.1250       0.1596       0.0038
     11.3750       0.1623       0.0038
     11.6250       0.1651       0.0038
     11.8750       0.1686       0.0039
     12.1250       0.1718       0.0039
     12.3750       0.1752       0.0039
     12.6250       0.1790       0.0041
     12.8750       0.1832       0.0041
     13.1250       0.1870       0.0042
     13.3750       0.1911       0.0043
     13.6250       0.1954       0.0043
     13.8750       0.1993       0.0044
     14.1250       0.2037       0.0045
     14.3750       0.2074       0.0045
     14.6250       0.2114       0.0046
     14.8750       0.2151       0.0047
     15.1250       0.2187       0.0049
     15.3750       0.2219       0.0049
     15.6250       0.2249       0.0051
     15.8750       0.2280       0.0052
     16.1250       0.2302       0.0052
     16.3750       0.2324       0.0053
     16.6250       0.2341       0.0054
     16.8750       0.2360       0.0055
     17.1250       0.2368       0.0056
     17.3750       0.2376       0.0056
     17.6250       0.2376       0.0057
     17.8750       0.2377       0.0058
     18.1250       0.2373       0.0059
     18.3750       0.2363       0.0059
     18.6250       0.2349       0.0061
     18.8750       0.2326       0.0060
     19.1250       0.2301       0.0060
     19.3750       0.2268       0.0060
     19.6250       0.2238       0.0059
     19.8750       0.2193       0.0058
     20.1250       0.2148       0.0058
     20.3750       0.2099       0.0057
     20.6250       0.2041       0.0055
     20.8750       0.1985       0.0055
     21.1250       0.1916       0.0053
     21.3750       0.1846       0.0050
     21.6250       0.1773       0.0049
     21.8750       0.1702       0.0048
     22.1250       0.1623       0.0047
     22.3750       0.1546       0.0045
     22.6250       0.1465       0.0043
     22.8750       0.1384       0.0043
     23.1250       0.1305       0.0042
     23.3750       0.1220       0.0041
     23.6250       0.1142       0.0041
     23.8750       0.1063       0.0040
     24.1250       0.0988       0.0039
     24.3750       0.0910       0.0039
     24.6250       0.0839       0.0038
     24.8750       0.0768       0.0038
     25.1250       0.0700       0.0037
     25.3750       0.0639       0.0037
     25.6250       0.0579       0.0036
     25.8750       0.0521       0.0035
     26.1250       0.0467       0.0034
     26.3750       0.0418       0.0033
     26.6250       0.0371       0.0032
     26.8750       0.0330       0.0031
     27.1250       0.0291       0.0029
     27.3750       0.0257       0.0028
     27.6250       0.0225       0.0026
     27.8750       0.0196       0.0025
     28.1250       0.0169       0.0023
     28.3750       0.0147       0.0022
     28.6250       0.0126       0.0020
     28.8750       0.0108       0.0019
     29.1250       0.0092       0.0017
     29.3750       0.0078       0.0016
     29.6250       0.0067       0.0015
     29.8750       0.0056       0.0013
     30.1250       0.0046       0.0012
     30.3750       0.0039       0.0011
     30.6250       0.0032       0.0009
     30.8750       0.0026       0.0008
     31.1250       0.0022       0.0008
     31.3750       0.0018       0.0007
     31.6250       0.0014       0.0006
     31.8750       0.0012       0.0005
     32.1250       0.0009       0.0005
     32.3750       0.0008       0.0004
     32.6250       0.0006       0.0003
     32.8750       0.0005       0.0003
     33.1250       0.0004       0.0003
     33.3750       0.0003       0.0002
     33.6250       0.0002       0.0002
     33.8750       0.0002       0.0002
     34.1250       0.0001       0.0001
     34.3750       0.0001       0.0001
     34.6250       0.0001       0.0001
     34.8750       0.0001       0.0001
     35.1250       0.0001       0.0001
     35.3750       0.0000       0.0001
     35.6250       0.0000       0.0001
     35.8750       0.0000       0.0000
     36.1250       0.0000       0.0000
     36.3750       0.0000       0.0000
     36.6250       0.0000       0.0000
     36.8750       0.0000       0.0000
     37.1250       0.0000       0.0000
     37.3750       0.0000       0.0000
     37.6250       0.0000       0.0000
     37.8750       0.0000       0.0000
     38.1250       0.0000       0.0000
     38.3750       0.0000       0.0000
     38.6250       0.0000       0.0000
     38.8750       0.0000       0.0000
     39.1250       0.0000       0.0000
     39.3750       0.0000       0.0000
     39.6250       0.0000       0.0000
