#Z                :PC|:OL  sd(:PC|:OL)
    -38.8750       0.0000       0.0000
    -38.6250       0.0000       0.0000
    -38.3750       0.0000       0.0000
    -38.1250       0.0000       0.0000
    -37.8750       0.0000       0.0000
    -37.6250       0.0000       0.0000
    -37.3750       0.0000       0.0000
    -37.1250       0.0000       0.0000
    -36.8750       0.0000       0.0000
    -36.6250       0.0000       0.0000
    -36.3750       0.0000       0.0000
    -36.1250       0.0000       0.0000
    -35.8750       0.0000       0.0000
    -35.6250       0.0000       0.0000
    -35.3750       0.0000       0.0000
    -35.1250       0.0000       0.0001
    -34.8750       0.0000       0.0001
    -34.6250       0.0000       0.0001
    -34.3750       0.0001       0.0001
    -34.1250       0.0001       0.0001
    -33.8750       0.0001       0.0001
    -33.6250       0.0001       0.0001
    -33.3750       0.0002       0.0002
    -33.1250       0.0003       0.0002
    -32.8750       0.0003       0.0002
    -32.6250       0.0004       0.0003
    -32.3750       0.0005       0.0003
    -32.1250       0.0006       0.0003
    -31.8750       0.0008       0.0004
    -31.6250       0.0010       0.0005
    -31.3750       0.0013       0.0005
    -31.1250       0.0016       0.0006
    -30.8750       0.0019       0.0007
    -30.6250       0.0023       0.0007
    -30.3750       0.0029       0.0009
    -30.1250       0.0035       0.0009
    -29.8750       0.0043       0.0011
    -29.6250       0.0051       0.0012
    -29.3750       0.0061       0.0013
    -29.1250       0.0073       0.0014
    -28.8750       0.0087       0.0016
    -28.6250       0.0101       0.0018
    -28.3750       0.0120       0.0019
    -28.1250       0.0139       0.0020
    -27.8750       0.0162       0.0022
    -27.6250       0.0187       0.0024
    -27.3750       0.0215       0.0025
    -27.1250       0.0247       0.0027
    -26.8750       0.0281       0.0028
    -26.6250       0.0321       0.0029
    -26.3750       0.0363       0.0031
    -26.1250       0.0411       0.0032
    -25.8750       0.0461       0.0034
    -25.6250       0.0513       0.0034
    -25.3750       0.0572       0.0036
    -25.1250       0.0636       0.0037
    -24.8750       0.0697       0.0037
    -24.6250       0.0767       0.0038
    -24.3750       0.0842       0.0039
    -24.1250       0.0918       0.0040
    -23.8750       0.1001       0.0042
    -23.6250       0.1077       0.0041
    -23.3750       0.1160       0.0043
    -23.1250       0.1247       0.0043
    -22.8750       0.1330       0.0044
    -22.6250       0.1417       0.0045
    -22.3750       0.1503       0.0045
    -22.1250       0.1586       0.0047
    -21.8750       0.1673       0.0048
    -21.6250       0.1746       0.0050
    -21.3750       0.1819       0.0050
    -21.1250       0.1888       0.0053
    -20.8750       0.1965       0.0053
    -20.6250       0.2030       0.0054
    -20.3750       0.2088       0.0057
    -20.1250       0.2143       0.0058
    -19.8750       0.2194       0.0058
    -19.6250       0.2243       0.0059
    -19.3750       0.2287       0.0060
    -19.1250       0.2324       0.0059
    -18.8750       0.2357       0.0059
    -18.6250       0.2380       0.0060
    -18.3750       0.2409       0.0058
    -18.1250       0.2424       0.0058
    -17.8750       0.2434       0.0058
    -17.6250       0.2438       0.0058
    -17.3750       0.2436       0.0057
    -17.1250       0.2440       0.0056
    -16.8750       0.2432       0.0055
    -16.6250       0.2421       0.0055
    -16.3750       0.2410       0.0053
    -16.1250       0.2389       0.0053
    -15.8750       0.2368       0.0053
    -15.6250       0.2345       0.0052
    -15.3750       0.2320       0.0051
    -15.1250       0.2288       0.0051
    -14.8750       0.2248       0.0049
    -14.6250       0.2215       0.0048
    -14.3750       0.2169       0.0048
    -14.1250       0.2129       0.0047
    -13.8750       0.2091       0.0046
    -13.6250       0.2044       0.0045
    -13.3750       0.1999       0.0043
    -13.1250       0.1959       0.0044
    -12.8750       0.1919       0.0042
    -12.6250       0.1878       0.0041
    -12.3750       0.1838       0.0041
    -12.1250       0.1802       0.0041
    -11.8750       0.1763       0.0040
    -11.6250       0.1730       0.0040
    -11.3750       0.1699       0.0039
    -11.1250       0.1669       0.0039
    -10.8750       0.1641       0.0038
    -10.6250       0.1613       0.0037
    -10.3750       0.1591       0.0036
    -10.1250       0.1569       0.0037
     -9.8750       0.1546       0.0036
     -9.6250       0.1528       0.0034
     -9.3750       0.1516       0.0034
     -9.1250       0.1501       0.0034
     -8.8750       0.1484       0.0034
     -8.6250       0.1470       0.0033
     -8.3750       0.1459       0.0033
     -8.1250       0.1447       0.0032
     -7.8750       0.1437       0.0032
     -7.6250       0.1434       0.0032
     -7.3750       0.1421       0.0031
     -7.1250       0.1414       0.0032
     -6.8750       0.1403       0.0031
     -6.6250       0.1394       0.0031
     -6.3750       0.1385       0.0031
     -6.1250       0.1380       0.0031
     -5.8750       0.1368       0.0030
     -5.6250       0.1360       0.0029
     -5.3750       0.1356       0.0030
     -5.1250       0.1340       0.0030
     -4.8750       0.1336       0.0030
     -4.6250       0.1323       0.0030
     -4.3750       0.1315       0.0030
     -4.1250       0.1304       0.0030
     -3.8750       0.1293       0.0030
     -3.6250       0.1283       0.0030
     -3.3750       0.1278       0.0030
     -3.1250       0.1263       0.0029
     -2.8750       0.1254       0.0030
     -2.6250       0.1242       0.0029
     -2.3750       0.1231       0.0029
     -2.1250       0.1223       0.0029
     -1.8750       0.1211       0.0028
     -1.6250       0.1202       0.0029
     -1.3750       0.1191       0.0029
     -1.1250       0.1185       0.0029
     -0.8750       0.1179       0.0029
     -0.6250       0.1173       0.0030
     -0.3750       0.1165       0.0029
     -0.1250       0.1166       0.0029
      0.1250       0.1164       0.0029
      0.3750       0.1158       0.0029
      0.6250       0.1162       0.0029
      0.8750       0.1165       0.0029
      1.1250       0.1170       0.0029
      1.3750       0.1173       0.0029
      1.6250       0.1180       0.0029
      1.8750       0.1186       0.0029
      2.1250       0.1193       0.0028
      2.3750       0.1206       0.0028
      2.6250       0.1210       0.0029
      2.8750       0.1218       0.0029
      3.1250       0.1234       0.0029
      3.3750       0.1245       0.0029
      3.6250       0.1254       0.0029
      3.8750       0.1261       0.0029
      4.1250       0.1273       0.0030
      4.3750       0.1283       0.0030
      4.6250       0.1293       0.0029
      4.8750       0.1305       0.0030
      5.1250       0.1311       0.0030
      5.3750       0.1320       0.0030
      5.6250       0.1334       0.0031
      5.8750       0.1341       0.0031
      6.1250       0.1349       0.0031
      6.3750       0.1355       0.0030
      6.6250       0.1367       0.0031
      6.8750       0.1373       0.0031
      7.1250       0.1380       0.0032
      7.3750       0.1383       0.0031
      7.6250       0.1395       0.0032
      7.8750       0.1398       0.0031
      8.1250       0.1407       0.0032
      8.3750       0.1417       0.0032
      8.6250       0.1425       0.0033
      8.8750       0.1428       0.0033
      9.1250       0.1444       0.0033
      9.3750       0.1456       0.0034
      9.6250       0.1467       0.0034
      9.8750       0.1483       0.0034
     10.1250       0.1504       0.0034
     10.3750       0.1520       0.0035
     10.6250       0.1543       0.0036
     10.8750       0.1566       0.0036
     11.1250       0.1592       0.0037
     11.3750       0.1619       0.0037
     11.6250       0.1649       0.0038
     11.8750       0.1677       0.0037
     12.1250       0.1716       0.0038
     12.3750       0.1752       0.0039
     12.6250       0.1791       0.0040
     12.8750       0.1823       0.0040
     13.1250       0.1864       0.0040
     13.3750       0.1905       0.0041
     13.6250       0.1946       0.0043
     13.8750       0.1985       0.0043
     14.1250       0.2026       0.0045
     14.3750       0.2069       0.0047
     14.6250       0.2107       0.0047
     14.8750       0.2141       0.0047
     15.1250       0.2175       0.0048
     15.3750       0.2208       0.0050
     15.6250       0.2241       0.0051
     15.8750       0.2272       0.0051
     16.1250       0.2294       0.0053
     16.3750       0.2317       0.0053
     16.6250       0.2337       0.0054
     16.8750       0.2354       0.0054
     17.1250       0.2365       0.0055
     17.3750       0.2367       0.0056
     17.6250       0.2374       0.0056
     17.8750       0.2377       0.0057
     18.1250       0.2366       0.0058
     18.3750       0.2356       0.0058
     18.6250       0.2339       0.0058
     18.8750       0.2317       0.0060
     19.1250       0.2294       0.0057
     19.3750       0.2264       0.0058
     19.6250       0.2234       0.0057
     19.8750       0.2188       0.0056
     20.1250       0.2145       0.0055
     20.3750       0.2093       0.0053
     20.6250       0.2047       0.0052
     20.8750       0.1981       0.0051
     21.1250       0.1924       0.0050
     21.3750       0.1860       0.0048
     21.6250       0.1789       0.0048
     21.8750       0.1715       0.0047
     22.1250       0.1635       0.0046
     22.3750       0.1561       0.0045
     22.6250       0.1482       0.0043
     22.8750       0.1401       0.0044
     23.1250       0.1323       0.0042
     23.3750       0.1243       0.0041
     23.6250       0.1160       0.0040
     23.8750       0.1084       0.0040
     24.1250       0.0997       0.0038
     24.3750       0.0926       0.0038
     24.6250       0.0848       0.0038
     24.8750       0.0777       0.0037
     25.1250       0.0710       0.0035
     25.3750       0.0651       0.0036
     25.6250       0.0584       0.0035
     25.8750       0.0526       0.0034
     26.1250       0.0474       0.0033
     26.3750       0.0424       0.0032
     26.6250       0.0378       0.0030
     26.8750       0.0338       0.0029
     27.1250       0.0299       0.0028
     27.3750       0.0263       0.0026
     27.6250       0.0230       0.0025
     27.8750       0.0201       0.0024
     28.1250       0.0176       0.0022
     28.3750       0.0152       0.0021
     28.6250       0.0133       0.0020
     28.8750       0.0115       0.0018
     29.1250       0.0099       0.0017
     29.3750       0.0083       0.0016
     29.6250       0.0070       0.0014
     29.8750       0.0060       0.0013
     30.1250       0.0050       0.0012
     30.3750       0.0042       0.0011
     30.6250       0.0035       0.0010
     30.8750       0.0029       0.0009
     31.1250       0.0024       0.0008
     31.3750       0.0019       0.0007
     31.6250       0.0016       0.0006
     31.8750       0.0013       0.0005
     32.1250       0.0010       0.0005
     32.3750       0.0008       0.0004
     32.6250       0.0007       0.0004
     32.8750       0.0006       0.0003
     33.1250       0.0004       0.0003
     33.3750       0.0003       0.0002
     33.6250       0.0003       0.0002
     33.8750       0.0002       0.0002
     34.1250       0.0002       0.0002
     34.3750       0.0001       0.0001
     34.6250       0.0001       0.0001
     34.8750       0.0001       0.0001
     35.1250       0.0001       0.0001
     35.3750       0.0000       0.0001
     35.6250       0.0000       0.0001
     35.8750       0.0000       0.0001
     36.1250       0.0000       0.0001
     36.3750       0.0000       0.0000
     36.6250       0.0000       0.0000
     36.8750       0.0000       0.0000
     37.1250       0.0000       0.0000
     37.3750       0.0000       0.0000
     37.6250       0.0000       0.0000
     37.8750       0.0000       0.0000
     38.1250       0.0000       0.0000
     38.3750       0.0000       0.0000
     38.6250       0.0000       0.0000
     38.8750       0.0000       0.0000
     39.1250       0.0000       0.0000
     39.3750       0.0000       0.0000
     39.6250       0.0000       0.0000
     39.8750       0.0000       0.0000
     40.1250       0.0000       0.0000
     40.3750       0.0000       0.0000
     40.6250       0.0000       0.0000
