#Z                :PC|:OL  sd(:PC|:OL)
    -40.1250       0.0000       0.0000
    -39.8750       0.0000       0.0000
    -39.6250       0.0000       0.0000
    -39.3750       0.0000       0.0000
    -39.1250       0.0000       0.0000
    -38.8750       0.0000       0.0000
    -38.6250       0.0000       0.0000
    -38.3750       0.0000       0.0000
    -38.1250       0.0000       0.0000
    -37.8750       0.0000       0.0000
    -37.6250       0.0000       0.0000
    -37.3750       0.0000       0.0000
    -37.1250       0.0000       0.0000
    -36.8750       0.0000       0.0000
    -36.6250       0.0000       0.0000
    -36.3750       0.0000       0.0000
    -36.1250       0.0000       0.0000
    -35.8750       0.0000       0.0000
    -35.6250       0.0000       0.0000
    -35.3750       0.0000       0.0000
    -35.1250       0.0000       0.0000
    -34.8750       0.0000       0.0000
    -34.6250       0.0000       0.0001
    -34.3750       0.0000       0.0001
    -34.1250       0.0000       0.0001
    -33.8750       0.0001       0.0001
    -33.6250       0.0001       0.0001
    -33.3750       0.0001       0.0001
    -33.1250       0.0001       0.0001
    -32.8750       0.0002       0.0002
    -32.6250       0.0002       0.0002
    -32.3750       0.0003       0.0002
    -32.1250       0.0004       0.0002
    -31.8750       0.0005       0.0003
    -31.6250       0.0007       0.0003
    -31.3750       0.0009       0.0004
    -31.1250       0.0011       0.0004
    -30.8750       0.0014       0.0005
    -30.6250       0.0018       0.0006
    -30.3750       0.0022       0.0006
    -30.1250       0.0027       0.0007
    -29.8750       0.0033       0.0008
    -29.6250       0.0040       0.0009
    -29.3750       0.0049       0.0010
    -29.1250       0.0060       0.0011
    -28.8750       0.0072       0.0012
    -28.6250       0.0086       0.0014
    -28.3750       0.0102       0.0015
    -28.1250       0.0121       0.0016
    -27.8750       0.0142       0.0018
    -27.6250       0.0166       0.0019
    -27.3750       0.0194       0.0021
    -27.1250       0.0225       0.0022
    -26.8750       0.0259       0.0024
    -26.6250       0.0297       0.0025
    -26.3750       0.0340       0.0027
    -26.1250       0.0384       0.0028
    -25.8750       0.0436       0.0029
    -25.6250       0.0489       0.0031
    -25.3750       0.0548       0.0032
    -25.1250       0.0613       0.0033
    -24.8750       0.0675       0.0034
    -24.6250       0.0749       0.0035
    -24.3750       0.0822       0.0036
    -24.1250       0.0902       0.0038
    -23.8750       0.0981       0.0038
    -23.6250       0.1066       0.0039
    -23.3750       0.1152       0.0040
    -23.1250       0.1241       0.0041
    -22.8750       0.1329       0.0043
    -22.6250       0.1416       0.0043
    -22.3750       0.1503       0.0045
    -22.1250       0.1594       0.0046
    -21.8750       0.1685       0.0048
    -21.6250       0.1767       0.0048
    -21.3750       0.1851       0.0050
    -21.1250       0.1922       0.0051
    -20.8750       0.1992       0.0052
    -20.6250       0.2064       0.0054
    -20.3750       0.2128       0.0055
    -20.1250       0.2185       0.0056
    -19.8750       0.2235       0.0056
    -19.6250       0.2280       0.0056
    -19.3750       0.2324       0.0056
    -19.1250       0.2362       0.0056
    -18.8750       0.2387       0.0056
    -18.6250       0.2417       0.0056
    -18.3750       0.2435       0.0056
    -18.1250       0.2452       0.0055
    -17.8750       0.2466       0.0055
    -17.6250       0.2472       0.0055
    -17.3750       0.2478       0.0055
    -17.1250       0.2477       0.0054
    -16.8750       0.2470       0.0053
    -16.6250       0.2459       0.0052
    -16.3750       0.2444       0.0053
    -16.1250       0.2427       0.0053
    -15.8750       0.2401       0.0052
    -15.6250       0.2377       0.0051
    -15.3750       0.2349       0.0051
    -15.1250       0.2313       0.0049
    -14.8750       0.2278       0.0048
    -14.6250       0.2237       0.0047
    -14.3750       0.2196       0.0046
    -14.1250       0.2148       0.0046
    -13.8750       0.2107       0.0044
    -13.6250       0.2061       0.0043
    -13.3750       0.2017       0.0043
    -13.1250       0.1969       0.0042
    -12.8750       0.1925       0.0042
    -12.6250       0.1883       0.0042
    -12.3750       0.1836       0.0040
    -12.1250       0.1796       0.0040
    -11.8750       0.1760       0.0039
    -11.6250       0.1722       0.0039
    -11.3750       0.1691       0.0038
    -11.1250       0.1655       0.0038
    -10.8750       0.1625       0.0036
    -10.6250       0.1599       0.0036
    -10.3750       0.1577       0.0036
    -10.1250       0.1551       0.0035
     -9.8750       0.1532       0.0035
     -9.6250       0.1514       0.0034
     -9.3750       0.1498       0.0034
     -9.1250       0.1483       0.0033
     -8.8750       0.1466       0.0033
     -8.6250       0.1459       0.0033
     -8.3750       0.1445       0.0032
     -8.1250       0.1435       0.0032
     -7.8750       0.1430       0.0032
     -7.6250       0.1420       0.0031
     -7.3750       0.1410       0.0031
     -7.1250       0.1405       0.0031
     -6.8750       0.1400       0.0031
     -6.6250       0.1390       0.0031
     -6.3750       0.1386       0.0031
     -6.1250       0.1377       0.0030
     -5.8750       0.1369       0.0030
     -5.6250       0.1363       0.0030
     -5.3750       0.1352       0.0031
     -5.1250       0.1345       0.0030
     -4.8750       0.1335       0.0030
     -4.6250       0.1328       0.0030
     -4.3750       0.1314       0.0030
     -4.1250       0.1307       0.0030
     -3.8750       0.1294       0.0030
     -3.6250       0.1287       0.0030
     -3.3750       0.1273       0.0030
     -3.1250       0.1261       0.0029
     -2.8750       0.1249       0.0029
     -2.6250       0.1238       0.0029
     -2.3750       0.1224       0.0029
     -2.1250       0.1215       0.0029
     -1.8750       0.1205       0.0029
     -1.6250       0.1197       0.0029
     -1.3750       0.1183       0.0029
     -1.1250       0.1182       0.0029
     -0.8750       0.1174       0.0029
     -0.6250       0.1165       0.0029
     -0.3750       0.1164       0.0029
     -0.1250       0.1161       0.0029
      0.1250       0.1161       0.0029
      0.3750       0.1158       0.0028
      0.6250       0.1163       0.0029
      0.8750       0.1166       0.0029
      1.1250       0.1172       0.0029
      1.3750       0.1178       0.0029
      1.6250       0.1181       0.0028
      1.8750       0.1190       0.0029
      2.1250       0.1199       0.0028
      2.3750       0.1208       0.0029
      2.6250       0.1219       0.0029
      2.8750       0.1230       0.0029
      3.1250       0.1236       0.0029
      3.3750       0.1252       0.0029
      3.6250       0.1264       0.0029
      3.8750       0.1273       0.0029
      4.1250       0.1282       0.0030
      4.3750       0.1290       0.0029
      4.6250       0.1303       0.0030
      4.8750       0.1310       0.0030
      5.1250       0.1318       0.0030
      5.3750       0.1327       0.0030
      5.6250       0.1335       0.0030
      5.8750       0.1342       0.0030
      6.1250       0.1349       0.0030
      6.3750       0.1355       0.0030
      6.6250       0.1363       0.0030
      6.8750       0.1367       0.0030
      7.1250       0.1371       0.0031
      7.3750       0.1378       0.0031
      7.6250       0.1383       0.0031
      7.8750       0.1389       0.0031
      8.1250       0.1397       0.0031
      8.3750       0.1402       0.0031
      8.6250       0.1411       0.0031
      8.8750       0.1421       0.0032
      9.1250       0.1429       0.0032
      9.3750       0.1437       0.0033
      9.6250       0.1452       0.0034
      9.8750       0.1466       0.0035
     10.1250       0.1482       0.0035
     10.3750       0.1502       0.0036
     10.6250       0.1519       0.0036
     10.8750       0.1543       0.0037
     11.1250       0.1570       0.0038
     11.3750       0.1596       0.0038
     11.6250       0.1626       0.0039
     11.8750       0.1659       0.0038
     12.1250       0.1694       0.0040
     12.3750       0.1733       0.0040
     12.6250       0.1770       0.0041
     12.8750       0.1811       0.0041
     13.1250       0.1856       0.0042
     13.3750       0.1898       0.0042
     13.6250       0.1940       0.0043
     13.8750       0.1984       0.0043
     14.1250       0.2028       0.0044
     14.3750       0.2072       0.0045
     14.6250       0.2115       0.0046
     14.8750       0.2155       0.0047
     15.1250       0.2198       0.0047
     15.3750       0.2230       0.0047
     15.6250       0.2266       0.0049
     15.8750       0.2296       0.0050
     16.1250       0.2323       0.0050
     16.3750       0.2343       0.0051
     16.6250       0.2366       0.0051
     16.8750       0.2391       0.0053
     17.1250       0.2401       0.0053
     17.3750       0.2410       0.0053
     17.6250       0.2418       0.0056
     17.8750       0.2421       0.0055
     18.1250       0.2419       0.0056
     18.3750       0.2407       0.0056
     18.6250       0.2391       0.0056
     18.8750       0.2375       0.0057
     19.1250       0.2350       0.0057
     19.3750       0.2324       0.0057
     19.6250       0.2282       0.0057
     19.8750       0.2245       0.0056
     20.1250       0.2196       0.0057
     20.3750       0.2146       0.0056
     20.6250       0.2087       0.0055
     20.8750       0.2024       0.0054
     21.1250       0.1957       0.0052
     21.3750       0.1888       0.0051
     21.6250       0.1812       0.0050
     21.8750       0.1737       0.0048
     22.1250       0.1652       0.0048
     22.3750       0.1571       0.0045
     22.6250       0.1491       0.0044
     22.8750       0.1404       0.0043
     23.1250       0.1315       0.0042
     23.3750       0.1234       0.0040
     23.6250       0.1152       0.0039
     23.8750       0.1066       0.0038
     24.1250       0.0987       0.0038
     24.3750       0.0909       0.0037
     24.6250       0.0832       0.0036
     24.8750       0.0761       0.0035
     25.1250       0.0691       0.0034
     25.3750       0.0626       0.0033
     25.6250       0.0564       0.0032
     25.8750       0.0505       0.0031
     26.1250       0.0450       0.0030
     26.3750       0.0401       0.0029
     26.6250       0.0355       0.0028
     26.8750       0.0314       0.0026
     27.1250       0.0276       0.0025
     27.3750       0.0241       0.0024
     27.6250       0.0209       0.0022
     27.8750       0.0181       0.0020
     28.1250       0.0156       0.0019
     28.3750       0.0134       0.0018
     28.6250       0.0112       0.0016
     28.8750       0.0096       0.0015
     29.1250       0.0081       0.0014
     29.3750       0.0068       0.0012
     29.6250       0.0056       0.0011
     29.8750       0.0046       0.0010
     30.1250       0.0038       0.0009
     30.3750       0.0031       0.0008
     30.6250       0.0025       0.0007
     30.8750       0.0020       0.0006
     31.1250       0.0016       0.0005
     31.3750       0.0013       0.0005
     31.6250       0.0010       0.0004
     31.8750       0.0008       0.0003
     32.1250       0.0006       0.0003
     32.3750       0.0005       0.0002
     32.6250       0.0004       0.0002
     32.8750       0.0003       0.0002
     33.1250       0.0002       0.0002
     33.3750       0.0002       0.0001
     33.6250       0.0001       0.0001
     33.8750       0.0001       0.0001
     34.1250       0.0001       0.0001
     34.3750       0.0000       0.0001
     34.6250       0.0000       0.0001
     34.8750       0.0000       0.0000
     35.1250       0.0000       0.0000
     35.3750       0.0000       0.0000
     35.6250       0.0000       0.0000
     35.8750       0.0000       0.0000
     36.1250       0.0000       0.0000
     36.3750       0.0000       0.0000
     36.6250       0.0000       0.0000
     36.8750       0.0000       0.0000
     37.1250       0.0000       0.0000
     37.3750       0.0000       0.0000
     37.6250       0.0000       0.0000
     37.8750       0.0000       0.0000
     38.1250       0.0000       0.0000
     38.3750       0.0000       0.0000
     38.6250       0.0000       0.0000
     38.8750       0.0000       0.0000
