#Z                :PC|:OL  sd(:PC|:OL)
    -40.1250       0.0000       0.0000
    -39.8750       0.0000       0.0000
    -39.6250       0.0000       0.0000
    -39.3750       0.0000       0.0000
    -39.1250       0.0000       0.0000
    -38.8750       0.0000       0.0000
    -38.6250       0.0000       0.0000
    -38.3750       0.0000       0.0000
    -38.1250       0.0000       0.0000
    -37.8750       0.0000       0.0000
    -37.6250       0.0000       0.0000
    -37.3750       0.0000       0.0000
    -37.1250       0.0000       0.0000
    -36.8750       0.0000       0.0000
    -36.6250       0.0000       0.0000
    -36.3750       0.0000       0.0000
    -36.1250       0.0000       0.0000
    -35.8750       0.0000       0.0000
    -35.6250       0.0000       0.0000
    -35.3750       0.0000       0.0001
    -35.1250       0.0000       0.0001
    -34.8750       0.0000       0.0001
    -34.6250       0.0001       0.0001
    -34.3750       0.0001       0.0001
    -34.1250       0.0001       0.0001
    -33.8750       0.0001       0.0001
    -33.6250       0.0002       0.0001
    -33.3750       0.0002       0.0002
    -33.1250       0.0003       0.0002
    -32.8750       0.0003       0.0002
    -32.6250       0.0004       0.0003
    -32.3750       0.0005       0.0003
    -32.1250       0.0007       0.0003
    -31.8750       0.0008       0.0004
    -31.6250       0.0010       0.0004
    -31.3750       0.0013       0.0005
    -31.1250       0.0016       0.0005
    -30.8750       0.0019       0.0006
    -30.6250       0.0024       0.0007
    -30.3750       0.0029       0.0008
    -30.1250       0.0035       0.0008
    -29.8750       0.0042       0.0009
    -29.6250       0.0052       0.0010
    -29.3750       0.0061       0.0011
    -29.1250       0.0072       0.0012
    -28.8750       0.0085       0.0013
    -28.6250       0.0101       0.0015
    -28.3750       0.0118       0.0016
    -28.1250       0.0137       0.0017
    -27.8750       0.0160       0.0019
    -27.6250       0.0185       0.0020
    -27.3750       0.0214       0.0022
    -27.1250       0.0244       0.0023
    -26.8750       0.0279       0.0025
    -26.6250       0.0318       0.0026
    -26.3750       0.0360       0.0028
    -26.1250       0.0406       0.0029
    -25.8750       0.0454       0.0031
    -25.6250       0.0510       0.0032
    -25.3750       0.0566       0.0033
    -25.1250       0.0625       0.0035
    -24.8750       0.0692       0.0036
    -24.6250       0.0759       0.0037
    -24.3750       0.0833       0.0038
    -24.1250       0.0910       0.0039
    -23.8750       0.0984       0.0040
    -23.6250       0.1064       0.0040
    -23.3750       0.1150       0.0041
    -23.1250       0.1230       0.0042
    -22.8750       0.1317       0.0042
    -22.6250       0.1397       0.0043
    -22.3750       0.1481       0.0044
    -22.1250       0.1567       0.0045
    -21.8750       0.1653       0.0046
    -21.6250       0.1733       0.0047
    -21.3750       0.1813       0.0049
    -21.1250       0.1888       0.0051
    -20.8750       0.1959       0.0051
    -20.6250       0.2031       0.0052
    -20.3750       0.2091       0.0053
    -20.1250       0.2153       0.0054
    -19.8750       0.2208       0.0054
    -19.6250       0.2259       0.0055
    -19.3750       0.2305       0.0055
    -19.1250       0.2344       0.0055
    -18.8750       0.2376       0.0055
    -18.6250       0.2408       0.0056
    -18.3750       0.2426       0.0055
    -18.1250       0.2444       0.0055
    -17.8750       0.2460       0.0056
    -17.6250       0.2465       0.0055
    -17.3750       0.2465       0.0054
    -17.1250       0.2469       0.0053
    -16.8750       0.2459       0.0053
    -16.6250       0.2447       0.0053
    -16.3750       0.2436       0.0052
    -16.1250       0.2419       0.0051
    -15.8750       0.2395       0.0051
    -15.6250       0.2369       0.0050
    -15.3750       0.2344       0.0049
    -15.1250       0.2309       0.0049
    -14.8750       0.2276       0.0047
    -14.6250       0.2236       0.0047
    -14.3750       0.2194       0.0047
    -14.1250       0.2157       0.0046
    -13.8750       0.2114       0.0046
    -13.6250       0.2067       0.0043
    -13.3750       0.2025       0.0044
    -13.1250       0.1980       0.0043
    -12.8750       0.1937       0.0041
    -12.6250       0.1895       0.0041
    -12.3750       0.1852       0.0041
    -12.1250       0.1813       0.0040
    -11.8750       0.1769       0.0040
    -11.6250       0.1738       0.0038
    -11.3750       0.1701       0.0038
    -11.1250       0.1672       0.0038
    -10.8750       0.1638       0.0037
    -10.6250       0.1611       0.0036
    -10.3750       0.1584       0.0036
    -10.1250       0.1563       0.0036
     -9.8750       0.1542       0.0035
     -9.6250       0.1521       0.0034
     -9.3750       0.1503       0.0034
     -9.1250       0.1490       0.0033
     -8.8750       0.1472       0.0033
     -8.6250       0.1462       0.0032
     -8.3750       0.1447       0.0032
     -8.1250       0.1441       0.0031
     -7.8750       0.1428       0.0031
     -7.6250       0.1420       0.0031
     -7.3750       0.1411       0.0031
     -7.1250       0.1403       0.0031
     -6.8750       0.1396       0.0031
     -6.6250       0.1388       0.0031
     -6.3750       0.1379       0.0030
     -6.1250       0.1375       0.0030
     -5.8750       0.1367       0.0030
     -5.6250       0.1359       0.0031
     -5.3750       0.1353       0.0030
     -5.1250       0.1341       0.0030
     -4.8750       0.1336       0.0030
     -4.6250       0.1324       0.0030
     -4.3750       0.1314       0.0030
     -4.1250       0.1302       0.0030
     -3.8750       0.1293       0.0030
     -3.6250       0.1282       0.0030
     -3.3750       0.1274       0.0030
     -3.1250       0.1260       0.0029
     -2.8750       0.1252       0.0029
     -2.6250       0.1240       0.0029
     -2.3750       0.1231       0.0029
     -2.1250       0.1217       0.0029
     -1.8750       0.1208       0.0029
     -1.6250       0.1201       0.0029
     -1.3750       0.1191       0.0030
     -1.1250       0.1184       0.0029
     -0.8750       0.1180       0.0029
     -0.6250       0.1174       0.0029
     -0.3750       0.1171       0.0029
     -0.1250       0.1166       0.0029
      0.1250       0.1163       0.0029
      0.3750       0.1165       0.0029
      0.6250       0.1165       0.0029
      0.8750       0.1168       0.0029
      1.1250       0.1172       0.0028
      1.3750       0.1175       0.0028
      1.6250       0.1183       0.0029
      1.8750       0.1188       0.0029
      2.1250       0.1197       0.0028
      2.3750       0.1205       0.0029
      2.6250       0.1215       0.0029
      2.8750       0.1221       0.0029
      3.1250       0.1232       0.0029
      3.3750       0.1245       0.0029
      3.6250       0.1250       0.0030
      3.8750       0.1260       0.0029
      4.1250       0.1273       0.0030
      4.3750       0.1281       0.0030
      4.6250       0.1289       0.0030
      4.8750       0.1299       0.0030
      5.1250       0.1310       0.0030
      5.3750       0.1317       0.0030
      5.6250       0.1325       0.0030
      5.8750       0.1333       0.0030
      6.1250       0.1337       0.0030
      6.3750       0.1345       0.0030
      6.6250       0.1354       0.0030
      6.8750       0.1360       0.0030
      7.1250       0.1364       0.0030
      7.3750       0.1372       0.0030
      7.6250       0.1380       0.0031
      7.8750       0.1386       0.0032
      8.1250       0.1394       0.0031
      8.3750       0.1403       0.0031
      8.6250       0.1409       0.0032
      8.8750       0.1418       0.0032
      9.1250       0.1433       0.0033
      9.3750       0.1441       0.0033
      9.6250       0.1453       0.0033
      9.8750       0.1469       0.0034
     10.1250       0.1485       0.0034
     10.3750       0.1503       0.0035
     10.6250       0.1524       0.0035
     10.8750       0.1545       0.0036
     11.1250       0.1573       0.0036
     11.3750       0.1599       0.0037
     11.6250       0.1629       0.0038
     11.8750       0.1658       0.0038
     12.1250       0.1693       0.0039
     12.3750       0.1731       0.0039
     12.6250       0.1771       0.0040
     12.8750       0.1806       0.0040
     13.1250       0.1844       0.0041
     13.3750       0.1888       0.0043
     13.6250       0.1929       0.0042
     13.8750       0.1968       0.0043
     14.1250       0.2011       0.0044
     14.3750       0.2048       0.0045
     14.6250       0.2091       0.0046
     14.8750       0.2129       0.0047
     15.1250       0.2170       0.0047
     15.3750       0.2203       0.0049
     15.6250       0.2241       0.0050
     15.8750       0.2272       0.0051
     16.1250       0.2301       0.0051
     16.3750       0.2330       0.0052
     16.6250       0.2350       0.0052
     16.8750       0.2363       0.0053
     17.1250       0.2379       0.0053
     17.3750       0.2386       0.0054
     17.6250       0.2394       0.0053
     17.8750       0.2396       0.0054
     18.1250       0.2392       0.0054
     18.3750       0.2384       0.0054
     18.6250       0.2367       0.0055
     18.8750       0.2352       0.0055
     19.1250       0.2319       0.0055
     19.3750       0.2300       0.0056
     19.6250       0.2265       0.0055
     19.8750       0.2219       0.0055
     20.1250       0.2179       0.0054
     20.3750       0.2130       0.0054
     20.6250       0.2077       0.0054
     20.8750       0.2023       0.0053
     21.1250       0.1954       0.0051
     21.3750       0.1895       0.0052
     21.6250       0.1823       0.0049
     21.8750       0.1752       0.0050
     22.1250       0.1674       0.0048
     22.3750       0.1594       0.0047
     22.6250       0.1512       0.0045
     22.8750       0.1433       0.0044
     23.1250       0.1347       0.0043
     23.3750       0.1260       0.0042
     23.6250       0.1179       0.0041
     23.8750       0.1098       0.0040
     24.1250       0.1015       0.0040
     24.3750       0.0938       0.0039
     24.6250       0.0861       0.0038
     24.8750       0.0786       0.0037
     25.1250       0.0718       0.0036
     25.3750       0.0649       0.0035
     25.6250       0.0585       0.0034
     25.8750       0.0527       0.0033
     26.1250       0.0470       0.0032
     26.3750       0.0420       0.0031
     26.6250       0.0371       0.0029
     26.8750       0.0328       0.0028
     27.1250       0.0289       0.0026
     27.3750       0.0252       0.0025
     27.6250       0.0218       0.0023
     27.8750       0.0189       0.0022
     28.1250       0.0163       0.0020
     28.3750       0.0140       0.0018
     28.6250       0.0118       0.0017
     28.8750       0.0099       0.0015
     29.1250       0.0084       0.0014
     29.3750       0.0070       0.0013
     29.6250       0.0058       0.0011
     29.8750       0.0048       0.0010
     30.1250       0.0039       0.0009
     30.3750       0.0032       0.0008
     30.6250       0.0026       0.0007
     30.8750       0.0021       0.0006
     31.1250       0.0017       0.0006
     31.3750       0.0014       0.0005
     31.6250       0.0011       0.0004
     31.8750       0.0009       0.0004
     32.1250       0.0007       0.0003
     32.3750       0.0005       0.0003
     32.6250       0.0004       0.0002
     32.8750       0.0003       0.0002
     33.1250       0.0002       0.0002
     33.3750       0.0002       0.0001
     33.6250       0.0001       0.0001
     33.8750       0.0001       0.0001
     34.1250       0.0001       0.0001
     34.3750       0.0001       0.0001
     34.6250       0.0000       0.0001
     34.8750       0.0000       0.0000
     35.1250       0.0000       0.0000
     35.3750       0.0000       0.0000
     35.6250       0.0000       0.0000
     35.8750       0.0000       0.0000
     36.1250       0.0000       0.0000
     36.3750       0.0000       0.0000
     36.6250       0.0000       0.0000
     36.8750       0.0000       0.0000
     37.1250       0.0000       0.0000
     37.3750       0.0000       0.0000
     37.6250       0.0000       0.0000
     37.8750       0.0000       0.0000
     38.1250       0.0000       0.0000
     38.3750       0.0000       0.0000
     38.6250       0.0000       0.0000
     38.8750       0.0000       0.0000
     39.1250       0.0000       0.0000
