#Z                :PC|:OL  sd(:PC|:OL)
    -39.8750       0.0000       0.0000
    -39.6250       0.0000       0.0000
    -39.3750       0.0000       0.0000
    -39.1250       0.0000       0.0000
    -38.8750       0.0000       0.0000
    -38.6250       0.0000       0.0000
    -38.3750       0.0000       0.0000
    -38.1250       0.0000       0.0000
    -37.8750       0.0000       0.0000
    -37.6250       0.0000       0.0000
    -37.3750       0.0000       0.0000
    -37.1250       0.0000       0.0000
    -36.8750       0.0000       0.0000
    -36.6250       0.0000       0.0000
    -36.3750       0.0000       0.0000
    -36.1250       0.0000       0.0000
    -35.8750       0.0000       0.0000
    -35.6250       0.0000       0.0000
    -35.3750       0.0000       0.0000
    -35.1250       0.0000       0.0001
    -34.8750       0.0000       0.0001
    -34.6250       0.0000       0.0001
    -34.3750       0.0001       0.0001
    -34.1250       0.0001       0.0001
    -33.8750       0.0001       0.0001
    -33.6250       0.0001       0.0001
    -33.3750       0.0002       0.0002
    -33.1250       0.0002       0.0002
    -32.8750       0.0003       0.0002
    -32.6250       0.0004       0.0003
    -32.3750       0.0005       0.0003
    -32.1250       0.0007       0.0004
    -31.8750       0.0008       0.0004
    -31.6250       0.0011       0.0005
    -31.3750       0.0014       0.0006
    -31.1250       0.0016       0.0006
    -30.8750       0.0020       0.0007
    -30.6250       0.0025       0.0008
    -30.3750       0.0031       0.0009
    -30.1250       0.0038       0.0010
    -29.8750       0.0046       0.0011
    -29.6250       0.0056       0.0013
    -29.3750       0.0066       0.0014
    -29.1250       0.0079       0.0015
    -28.8750       0.0094       0.0017
    -28.6250       0.0110       0.0019
    -28.3750       0.0130       0.0020
    -28.1250       0.0151       0.0022
    -27.8750       0.0176       0.0023
    -27.6250       0.0203       0.0025
    -27.3750       0.0232       0.0027
    -27.1250       0.0267       0.0029
    -26.8750       0.0304       0.0030
    -26.6250       0.0342       0.0031
    -26.3750       0.0389       0.0033
    -26.1250       0.0436       0.0034
    -25.8750       0.0487       0.0036
    -25.6250       0.0542       0.0037
    -25.3750       0.0602       0.0037
    -25.1250       0.0663       0.0038
    -24.8750       0.0729       0.0039
    -24.6250       0.0797       0.0039
    -24.3750       0.0870       0.0039
    -24.1250       0.0941       0.0040
    -23.8750       0.1021       0.0040
    -23.6250       0.1099       0.0040
    -23.3750       0.1175       0.0041
    -23.1250       0.1259       0.0042
    -22.8750       0.1339       0.0042
    -22.6250       0.1420       0.0044
    -22.3750       0.1503       0.0045
    -22.1250       0.1584       0.0046
    -21.8750       0.1657       0.0049
    -21.6250       0.1736       0.0049
    -21.3750       0.1810       0.0051
    -21.1250       0.1878       0.0052
    -20.8750       0.1949       0.0054
    -20.6250       0.2012       0.0056
    -20.3750       0.2071       0.0056
    -20.1250       0.2124       0.0057
    -19.8750       0.2173       0.0058
    -19.6250       0.2219       0.0059
    -19.3750       0.2254       0.0058
    -19.1250       0.2296       0.0058
    -18.8750       0.2328       0.0059
    -18.6250       0.2350       0.0060
    -18.3750       0.2373       0.0059
    -18.1250       0.2387       0.0058
    -17.8750       0.2403       0.0059
    -17.6250       0.2405       0.0058
    -17.3750       0.2412       0.0058
    -17.1250       0.2409       0.0058
    -16.8750       0.2404       0.0057
    -16.6250       0.2396       0.0057
    -16.3750       0.2384       0.0055
    -16.1250       0.2369       0.0055
    -15.8750       0.2348       0.0054
    -15.6250       0.2327       0.0053
    -15.3750       0.2301       0.0052
    -15.1250       0.2271       0.0051
    -14.8750       0.2237       0.0050
    -14.6250       0.2202       0.0049
    -14.3750       0.2168       0.0047
    -14.1250       0.2133       0.0046
    -13.8750       0.2093       0.0045
    -13.6250       0.2051       0.0045
    -13.3750       0.2008       0.0044
    -13.1250       0.1971       0.0044
    -12.8750       0.1928       0.0042
    -12.6250       0.1890       0.0042
    -12.3750       0.1851       0.0041
    -12.1250       0.1813       0.0040
    -11.8750       0.1777       0.0040
    -11.6250       0.1743       0.0040
    -11.3750       0.1714       0.0040
    -11.1250       0.1682       0.0039
    -10.8750       0.1655       0.0038
    -10.6250       0.1627       0.0039
    -10.3750       0.1605       0.0038
    -10.1250       0.1582       0.0038
     -9.8750       0.1562       0.0037
     -9.6250       0.1541       0.0036
     -9.3750       0.1522       0.0035
     -9.1250       0.1505       0.0035
     -8.8750       0.1490       0.0034
     -8.6250       0.1477       0.0033
     -8.3750       0.1462       0.0033
     -8.1250       0.1450       0.0033
     -7.8750       0.1438       0.0032
     -7.6250       0.1430       0.0032
     -7.3750       0.1419       0.0031
     -7.1250       0.1409       0.0031
     -6.8750       0.1404       0.0032
     -6.6250       0.1395       0.0031
     -6.3750       0.1383       0.0031
     -6.1250       0.1378       0.0031
     -5.8750       0.1366       0.0031
     -5.6250       0.1359       0.0030
     -5.3750       0.1348       0.0030
     -5.1250       0.1342       0.0030
     -4.8750       0.1331       0.0030
     -4.6250       0.1321       0.0030
     -4.3750       0.1312       0.0030
     -4.1250       0.1305       0.0030
     -3.8750       0.1292       0.0029
     -3.6250       0.1280       0.0030
     -3.3750       0.1274       0.0029
     -3.1250       0.1264       0.0029
     -2.8750       0.1249       0.0029
     -2.6250       0.1244       0.0029
     -2.3750       0.1232       0.0029
     -2.1250       0.1224       0.0029
     -1.8750       0.1216       0.0029
     -1.6250       0.1207       0.0029
     -1.3750       0.1198       0.0030
     -1.1250       0.1196       0.0030
     -0.8750       0.1190       0.0030
     -0.6250       0.1185       0.0029
     -0.3750       0.1184       0.0029
     -0.1250       0.1182       0.0030
      0.1250       0.1176       0.0029
      0.3750       0.1182       0.0030
      0.6250       0.1181       0.0030
      0.8750       0.1184       0.0030
      1.1250       0.1189       0.0029
      1.3750       0.1192       0.0030
      1.6250       0.1198       0.0029
      1.8750       0.1205       0.0029
      2.1250       0.1211       0.0029
      2.3750       0.1220       0.0029
      2.6250       0.1228       0.0029
      2.8750       0.1234       0.0029
      3.1250       0.1242       0.0029
      3.3750       0.1252       0.0029
      3.6250       0.1261       0.0030
      3.8750       0.1270       0.0029
      4.1250       0.1280       0.0030
      4.3750       0.1290       0.0030
      4.6250       0.1300       0.0030
      4.8750       0.1307       0.0030
      5.1250       0.1316       0.0030
      5.3750       0.1323       0.0030
      5.6250       0.1332       0.0030
      5.8750       0.1343       0.0030
      6.1250       0.1346       0.0030
      6.3750       0.1355       0.0031
      6.6250       0.1363       0.0031
      6.8750       0.1374       0.0030
      7.1250       0.1376       0.0031
      7.3750       0.1389       0.0031
      7.6250       0.1395       0.0031
      7.8750       0.1402       0.0032
      8.1250       0.1411       0.0032
      8.3750       0.1424       0.0032
      8.6250       0.1431       0.0033
      8.8750       0.1443       0.0034
      9.1250       0.1455       0.0034
      9.3750       0.1467       0.0034
      9.6250       0.1481       0.0035
      9.8750       0.1498       0.0036
     10.1250       0.1516       0.0036
     10.3750       0.1535       0.0037
     10.6250       0.1560       0.0037
     10.8750       0.1580       0.0037
     11.1250       0.1609       0.0038
     11.3750       0.1636       0.0039
     11.6250       0.1663       0.0039
     11.8750       0.1700       0.0039
     12.1250       0.1729       0.0040
     12.3750       0.1766       0.0040
     12.6250       0.1802       0.0041
     12.8750       0.1837       0.0041
     13.1250       0.1872       0.0042
     13.3750       0.1911       0.0042
     13.6250       0.1951       0.0042
     13.8750       0.1987       0.0043
     14.1250       0.2024       0.0045
     14.3750       0.2064       0.0045
     14.6250       0.2092       0.0045
     14.8750       0.2132       0.0047
     15.1250       0.2167       0.0047
     15.3750       0.2192       0.0050
     15.6250       0.2222       0.0050
     15.8750       0.2245       0.0052
     16.1250       0.2270       0.0052
     16.3750       0.2292       0.0054
     16.6250       0.2311       0.0054
     16.8750       0.2324       0.0055
     17.1250       0.2335       0.0056
     17.3750       0.2346       0.0057
     17.6250       0.2346       0.0058
     17.8750       0.2346       0.0059
     18.1250       0.2340       0.0059
     18.3750       0.2327       0.0060
     18.6250       0.2310       0.0061
     18.8750       0.2292       0.0061
     19.1250       0.2267       0.0061
     19.3750       0.2242       0.0062
     19.6250       0.2201       0.0061
     19.8750       0.2163       0.0061
     20.1250       0.2118       0.0060
     20.3750       0.2069       0.0058
     20.6250       0.2014       0.0057
     20.8750       0.1957       0.0056
     21.1250       0.1890       0.0054
     21.3750       0.1827       0.0053
     21.6250       0.1762       0.0051
     21.8750       0.1692       0.0050
     22.1250       0.1619       0.0047
     22.3750       0.1541       0.0046
     22.6250       0.1465       0.0045
     22.8750       0.1390       0.0043
     23.1250       0.1314       0.0042
     23.3750       0.1235       0.0041
     23.6250       0.1158       0.0040
     23.8750       0.1083       0.0040
     24.1250       0.1006       0.0039
     24.3750       0.0933       0.0039
     24.6250       0.0862       0.0038
     24.8750       0.0799       0.0039
     25.1250       0.0730       0.0038
     25.3750       0.0667       0.0037
     25.6250       0.0605       0.0036
     25.8750       0.0552       0.0036
     26.1250       0.0500       0.0035
     26.3750       0.0451       0.0034
     26.6250       0.0404       0.0033
     26.8750       0.0362       0.0032
     27.1250       0.0322       0.0031
     27.3750       0.0286       0.0029
     27.6250       0.0254       0.0028
     27.8750       0.0225       0.0026
     28.1250       0.0198       0.0025
     28.3750       0.0173       0.0024
     28.6250       0.0152       0.0022
     28.8750       0.0131       0.0021
     29.1250       0.0114       0.0019
     29.3750       0.0098       0.0018
     29.6250       0.0086       0.0017
     29.8750       0.0073       0.0015
     30.1250       0.0062       0.0014
     30.3750       0.0053       0.0013
     30.6250       0.0045       0.0012
     30.8750       0.0038       0.0011
     31.1250       0.0032       0.0010
     31.3750       0.0027       0.0009
     31.6250       0.0023       0.0008
     31.8750       0.0019       0.0007
     32.1250       0.0016       0.0007
     32.3750       0.0013       0.0006
     32.6250       0.0011       0.0005
     32.8750       0.0009       0.0005
     33.1250       0.0008       0.0004
     33.3750       0.0006       0.0004
     33.6250       0.0005       0.0003
     33.8750       0.0004       0.0003
     34.1250       0.0004       0.0003
     34.3750       0.0003       0.0002
     34.6250       0.0002       0.0002
     34.8750       0.0002       0.0002
     35.1250       0.0002       0.0002
     35.3750       0.0001       0.0002
     35.6250       0.0001       0.0001
     35.8750       0.0001       0.0001
     36.1250       0.0001       0.0001
     36.3750       0.0000       0.0001
     36.6250       0.0000       0.0001
     36.8750       0.0000       0.0001
     37.1250       0.0000       0.0001
     37.3750       0.0000       0.0000
     37.6250       0.0000       0.0000
     37.8750       0.0000       0.0000
     38.1250       0.0000       0.0000
     38.3750       0.0000       0.0000
     38.6250       0.0000       0.0000
     38.8750       0.0000       0.0000
     39.1250       0.0000       0.0000
     39.3750       0.0000       0.0000
     39.6250       0.0000       0.0000
     39.8750       0.0000       0.0000
     40.1250       0.0000       0.0000
     40.3750       0.0000       0.0000
     40.6250       0.0000       0.0000
     40.8750       0.0000       0.0000
