#Z                :PC|:OL  sd(:PC|:OL)
    -40.6250       0.0000       0.0000
    -40.3750       0.0000       0.0000
    -40.1250       0.0000       0.0000
    -39.8750       0.0000       0.0000
    -39.6250       0.0000       0.0000
    -39.3750       0.0000       0.0000
    -39.1250       0.0000       0.0000
    -38.8750       0.0000       0.0000
    -38.6250       0.0000       0.0000
    -38.3750       0.0000       0.0000
    -38.1250       0.0000       0.0000
    -37.8750       0.0000       0.0000
    -37.6250       0.0000       0.0000
    -37.3750       0.0000       0.0000
    -37.1250       0.0000       0.0000
    -36.8750       0.0000       0.0000
    -36.6250       0.0000       0.0000
    -36.3750       0.0000       0.0001
    -36.1250       0.0000       0.0000
    -35.8750       0.0000       0.0001
    -35.6250       0.0000       0.0001
    -35.3750       0.0000       0.0001
    -35.1250       0.0001       0.0001
    -34.8750       0.0001       0.0001
    -34.6250       0.0001       0.0001
    -34.3750       0.0001       0.0001
    -34.1250       0.0002       0.0002
    -33.8750       0.0002       0.0002
    -33.6250       0.0003       0.0002
    -33.3750       0.0003       0.0003
    -33.1250       0.0004       0.0003
    -32.8750       0.0005       0.0004
    -32.6250       0.0007       0.0004
    -32.3750       0.0008       0.0005
    -32.1250       0.0010       0.0006
    -31.8750       0.0012       0.0006
    -31.6250       0.0015       0.0007
    -31.3750       0.0019       0.0008
    -31.1250       0.0022       0.0009
    -30.8750       0.0027       0.0010
    -30.6250       0.0033       0.0011
    -30.3750       0.0039       0.0012
    -30.1250       0.0047       0.0013
    -29.8750       0.0056       0.0015
    -29.6250       0.0066       0.0016
    -29.3750       0.0078       0.0018
    -29.1250       0.0092       0.0020
    -28.8750       0.0107       0.0021
    -28.6250       0.0125       0.0023
    -28.3750       0.0147       0.0025
    -28.1250       0.0168       0.0027
    -27.8750       0.0193       0.0028
    -27.6250       0.0223       0.0030
    -27.3750       0.0254       0.0032
    -27.1250       0.0287       0.0033
    -26.8750       0.0324       0.0035
    -26.6250       0.0364       0.0037
    -26.3750       0.0409       0.0038
    -26.1250       0.0457       0.0039
    -25.8750       0.0506       0.0040
    -25.6250       0.0560       0.0041
    -25.3750       0.0619       0.0041
    -25.1250       0.0679       0.0042
    -24.8750       0.0746       0.0042
    -24.6250       0.0812       0.0042
    -24.3750       0.0880       0.0042
    -24.1250       0.0953       0.0041
    -23.8750       0.1029       0.0042
    -23.6250       0.1107       0.0042
    -23.3750       0.1180       0.0041
    -23.1250       0.1260       0.0042
    -22.8750       0.1338       0.0043
    -22.6250       0.1420       0.0043
    -22.3750       0.1495       0.0044
    -22.1250       0.1572       0.0045
    -21.8750       0.1641       0.0047
    -21.6250       0.1718       0.0048
    -21.3750       0.1787       0.0049
    -21.1250       0.1853       0.0051
    -20.8750       0.1921       0.0053
    -20.6250       0.1976       0.0055
    -20.3750       0.2038       0.0056
    -20.1250       0.2092       0.0057
    -19.8750       0.2141       0.0058
    -19.6250       0.2189       0.0060
    -19.3750       0.2225       0.0061
    -19.1250       0.2264       0.0061
    -18.8750       0.2294       0.0062
    -18.6250       0.2321       0.0062
    -18.3750       0.2345       0.0062
    -18.1250       0.2356       0.0061
    -17.8750       0.2374       0.0062
    -17.6250       0.2386       0.0061
    -17.3750       0.2386       0.0061
    -17.1250       0.2387       0.0060
    -16.8750       0.2386       0.0060
    -16.6250       0.2375       0.0059
    -16.3750       0.2365       0.0059
    -16.1250       0.2349       0.0058
    -15.8750       0.2329       0.0056
    -15.6250       0.2307       0.0056
    -15.3750       0.2283       0.0054
    -15.1250       0.2254       0.0053
    -14.8750       0.2228       0.0052
    -14.6250       0.2192       0.0050
    -14.3750       0.2159       0.0048
    -14.1250       0.2125       0.0047
    -13.8750       0.2085       0.0046
    -13.6250       0.2046       0.0045
    -13.3750       0.2010       0.0043
    -13.1250       0.1977       0.0043
    -12.8750       0.1939       0.0042
    -12.6250       0.1897       0.0041
    -12.3750       0.1863       0.0040
    -12.1250       0.1830       0.0040
    -11.8750       0.1792       0.0040
    -11.6250       0.1759       0.0039
    -11.3750       0.1725       0.0038
    -11.1250       0.1697       0.0038
    -10.8750       0.1668       0.0038
    -10.6250       0.1639       0.0038
    -10.3750       0.1620       0.0037
    -10.1250       0.1594       0.0036
     -9.8750       0.1570       0.0036
     -9.6250       0.1552       0.0035
     -9.3750       0.1534       0.0035
     -9.1250       0.1519       0.0035
     -8.8750       0.1501       0.0034
     -8.6250       0.1484       0.0033
     -8.3750       0.1470       0.0033
     -8.1250       0.1458       0.0033
     -7.8750       0.1443       0.0032
     -7.6250       0.1433       0.0032
     -7.3750       0.1420       0.0032
     -7.1250       0.1411       0.0031
     -6.8750       0.1401       0.0031
     -6.6250       0.1394       0.0031
     -6.3750       0.1381       0.0031
     -6.1250       0.1374       0.0031
     -5.8750       0.1364       0.0031
     -5.6250       0.1354       0.0031
     -5.3750       0.1347       0.0030
     -5.1250       0.1336       0.0031
     -4.8750       0.1329       0.0030
     -4.6250       0.1318       0.0030
     -4.3750       0.1308       0.0030
     -4.1250       0.1296       0.0030
     -3.8750       0.1286       0.0030
     -3.6250       0.1275       0.0030
     -3.3750       0.1265       0.0030
     -3.1250       0.1254       0.0029
     -2.8750       0.1240       0.0029
     -2.6250       0.1236       0.0029
     -2.3750       0.1224       0.0029
     -2.1250       0.1217       0.0029
     -1.8750       0.1208       0.0029
     -1.6250       0.1198       0.0029
     -1.3750       0.1191       0.0029
     -1.1250       0.1186       0.0029
     -0.8750       0.1182       0.0029
     -0.6250       0.1177       0.0029
     -0.3750       0.1173       0.0029
     -0.1250       0.1172       0.0029
      0.1250       0.1173       0.0029
      0.3750       0.1170       0.0029
      0.6250       0.1171       0.0030
      0.8750       0.1173       0.0029
      1.1250       0.1179       0.0029
      1.3750       0.1181       0.0029
      1.6250       0.1190       0.0029
      1.8750       0.1193       0.0029
      2.1250       0.1201       0.0029
      2.3750       0.1208       0.0030
      2.6250       0.1216       0.0029
      2.8750       0.1226       0.0029
      3.1250       0.1236       0.0029
      3.3750       0.1242       0.0029
      3.6250       0.1253       0.0029
      3.8750       0.1263       0.0030
      4.1250       0.1274       0.0029
      4.3750       0.1279       0.0030
      4.6250       0.1290       0.0030
      4.8750       0.1297       0.0030
      5.1250       0.1309       0.0030
      5.3750       0.1319       0.0030
      5.6250       0.1324       0.0030
      5.8750       0.1332       0.0030
      6.1250       0.1341       0.0031
      6.3750       0.1347       0.0030
      6.6250       0.1358       0.0031
      6.8750       0.1363       0.0031
      7.1250       0.1371       0.0031
      7.3750       0.1379       0.0031
      7.6250       0.1390       0.0031
      7.8750       0.1400       0.0031
      8.1250       0.1408       0.0031
      8.3750       0.1419       0.0032
      8.6250       0.1431       0.0032
      8.8750       0.1440       0.0032
      9.1250       0.1456       0.0034
      9.3750       0.1472       0.0034
      9.6250       0.1489       0.0035
      9.8750       0.1503       0.0035
     10.1250       0.1528       0.0035
     10.3750       0.1548       0.0037
     10.6250       0.1571       0.0038
     10.8750       0.1597       0.0038
     11.1250       0.1621       0.0038
     11.3750       0.1650       0.0039
     11.6250       0.1680       0.0039
     11.8750       0.1707       0.0039
     12.1250       0.1743       0.0040
     12.3750       0.1783       0.0040
     12.6250       0.1814       0.0041
     12.8750       0.1852       0.0041
     13.1250       0.1886       0.0041
     13.3750       0.1925       0.0041
     13.6250       0.1960       0.0043
     13.8750       0.1997       0.0044
     14.1250       0.2038       0.0044
     14.3750       0.2072       0.0045
     14.6250       0.2105       0.0046
     14.8750       0.2141       0.0048
     15.1250       0.2169       0.0049
     15.3750       0.2202       0.0050
     15.6250       0.2231       0.0051
     15.8750       0.2257       0.0053
     16.1250       0.2279       0.0053
     16.3750       0.2295       0.0055
     16.6250       0.2314       0.0056
     16.8750       0.2322       0.0056
     17.1250       0.2331       0.0057
     17.3750       0.2334       0.0059
     17.6250       0.2335       0.0059
     17.8750       0.2333       0.0060
     18.1250       0.2325       0.0060
     18.3750       0.2310       0.0062
     18.6250       0.2296       0.0062
     18.8750       0.2272       0.0063
     19.1250       0.2242       0.0063
     19.3750       0.2208       0.0063
     19.6250       0.2172       0.0062
     19.8750       0.2131       0.0061
     20.1250       0.2087       0.0061
     20.3750       0.2036       0.0059
     20.6250       0.1983       0.0058
     20.8750       0.1930       0.0056
     21.1250       0.1868       0.0055
     21.3750       0.1807       0.0053
     21.6250       0.1738       0.0051
     21.8750       0.1666       0.0049
     22.1250       0.1598       0.0047
     22.3750       0.1526       0.0045
     22.6250       0.1445       0.0044
     22.8750       0.1374       0.0042
     23.1250       0.1302       0.0041
     23.3750       0.1225       0.0041
     23.6250       0.1153       0.0040
     23.8750       0.1079       0.0040
     24.1250       0.1007       0.0040
     24.3750       0.0938       0.0040
     24.6250       0.0867       0.0040
     24.8750       0.0802       0.0040
     25.1250       0.0739       0.0040
     25.3750       0.0679       0.0040
     25.6250       0.0620       0.0040
     25.8750       0.0565       0.0039
     26.1250       0.0514       0.0038
     26.3750       0.0465       0.0038
     26.6250       0.0418       0.0036
     26.8750       0.0378       0.0036
     27.1250       0.0340       0.0034
     27.3750       0.0303       0.0033
     27.6250       0.0270       0.0032
     27.8750       0.0240       0.0030
     28.1250       0.0212       0.0029
     28.3750       0.0187       0.0027
     28.6250       0.0164       0.0026
     28.8750       0.0144       0.0024
     29.1250       0.0126       0.0023
     29.3750       0.0110       0.0022
     29.6250       0.0095       0.0020
     29.8750       0.0082       0.0018
     30.1250       0.0071       0.0017
     30.3750       0.0060       0.0016
     30.6250       0.0052       0.0014
     30.8750       0.0044       0.0013
     31.1250       0.0037       0.0012
     31.3750       0.0032       0.0011
     31.6250       0.0027       0.0010
     31.8750       0.0023       0.0009
     32.1250       0.0019       0.0008
     32.3750       0.0016       0.0007
     32.6250       0.0013       0.0006
     32.8750       0.0011       0.0005
     33.1250       0.0009       0.0005
     33.3750       0.0007       0.0004
     33.6250       0.0006       0.0004
     33.8750       0.0005       0.0003
     34.1250       0.0004       0.0003
     34.3750       0.0003       0.0002
     34.6250       0.0002       0.0002
     34.8750       0.0002       0.0002
     35.1250       0.0001       0.0002
     35.3750       0.0001       0.0001
     35.6250       0.0001       0.0001
     35.8750       0.0001       0.0001
     36.1250       0.0001       0.0001
     36.3750       0.0000       0.0001
     36.6250       0.0000       0.0001
     36.8750       0.0000       0.0000
     37.1250       0.0000       0.0000
     37.3750       0.0000       0.0000
     37.6250       0.0000       0.0000
     37.8750       0.0000       0.0000
     38.1250       0.0000       0.0000
     38.3750       0.0000       0.0000
     38.6250       0.0000       0.0000
     38.8750       0.0000       0.0000
     39.1250       0.0000       0.0000
     39.3750       0.0000       0.0000
     39.6250       0.0000       0.0000
     39.8750       0.0000       0.0000
     40.1250       0.0000       0.0000
     40.3750       0.0000       0.0000
     40.6250       0.0000       0.0000
     40.8750       0.0000       0.0000
     41.1250       0.0000       0.0000
     41.3750       0.0000       0.0000
