#Z                :PC|:OL  sd(:PC|:OL)
    -39.6250       0.0000       0.0000
    -39.3750       0.0000       0.0000
    -39.1250       0.0000       0.0000
    -38.8750       0.0000       0.0000
    -38.6250       0.0000       0.0000
    -38.3750       0.0000       0.0000
    -38.1250       0.0000       0.0000
    -37.8750       0.0000       0.0000
    -37.6250       0.0000       0.0000
    -37.3750       0.0000       0.0000
    -37.1250       0.0000       0.0000
    -36.8750       0.0000       0.0000
    -36.6250       0.0000       0.0000
    -36.3750       0.0000       0.0000
    -36.1250       0.0000       0.0000
    -35.8750       0.0000       0.0000
    -35.6250       0.0000       0.0000
    -35.3750       0.0000       0.0000
    -35.1250       0.0000       0.0000
    -34.8750       0.0000       0.0001
    -34.6250       0.0000       0.0001
    -34.3750       0.0000       0.0001
    -34.1250       0.0001       0.0001
    -33.8750       0.0001       0.0001
    -33.6250       0.0001       0.0001
    -33.3750       0.0001       0.0001
    -33.1250       0.0002       0.0002
    -32.8750       0.0003       0.0002
    -32.6250       0.0003       0.0002
    -32.3750       0.0004       0.0003
    -32.1250       0.0006       0.0003
    -31.8750       0.0007       0.0004
    -31.6250       0.0009       0.0004
    -31.3750       0.0011       0.0005
    -31.1250       0.0014       0.0005
    -30.8750       0.0017       0.0006
    -30.6250       0.0022       0.0007
    -30.3750       0.0027       0.0008
    -30.1250       0.0033       0.0009
    -29.8750       0.0040       0.0010
    -29.6250       0.0049       0.0011
    -29.3750       0.0059       0.0012
    -29.1250       0.0070       0.0014
    -28.8750       0.0084       0.0015
    -28.6250       0.0099       0.0017
    -28.3750       0.0115       0.0018
    -28.1250       0.0136       0.0020
    -27.8750       0.0159       0.0022
    -27.6250       0.0185       0.0024
    -27.3750       0.0212       0.0025
    -27.1250       0.0244       0.0027
    -26.8750       0.0278       0.0028
    -26.6250       0.0316       0.0030
    -26.3750       0.0359       0.0031
    -26.1250       0.0402       0.0033
    -25.8750       0.0457       0.0035
    -25.6250       0.0508       0.0036
    -25.3750       0.0565       0.0037
    -25.1250       0.0628       0.0038
    -24.8750       0.0690       0.0038
    -24.6250       0.0758       0.0038
    -24.3750       0.0835       0.0039
    -24.1250       0.0903       0.0039
    -23.8750       0.0981       0.0039
    -23.6250       0.1060       0.0040
    -23.3750       0.1141       0.0040
    -23.1250       0.1223       0.0040
    -22.8750       0.1301       0.0041
    -22.6250       0.1381       0.0042
    -22.3750       0.1466       0.0042
    -22.1250       0.1547       0.0044
    -21.8750       0.1618       0.0046
    -21.6250       0.1703       0.0047
    -21.3750       0.1776       0.0048
    -21.1250       0.1846       0.0049
    -20.8750       0.1919       0.0051
    -20.6250       0.1982       0.0054
    -20.3750       0.2043       0.0054
    -20.1250       0.2100       0.0055
    -19.8750       0.2161       0.0057
    -19.6250       0.2205       0.0059
    -19.3750       0.2253       0.0059
    -19.1250       0.2296       0.0059
    -18.8750       0.2332       0.0060
    -18.6250       0.2365       0.0060
    -18.3750       0.2390       0.0061
    -18.1250       0.2410       0.0061
    -17.8750       0.2424       0.0059
    -17.6250       0.2436       0.0060
    -17.3750       0.2444       0.0058
    -17.1250       0.2440       0.0058
    -16.8750       0.2441       0.0057
    -16.6250       0.2434       0.0057
    -16.3750       0.2422       0.0055
    -16.1250       0.2401       0.0054
    -15.8750       0.2384       0.0054
    -15.6250       0.2364       0.0052
    -15.3750       0.2337       0.0052
    -15.1250       0.2306       0.0051
    -14.8750       0.2268       0.0050
    -14.6250       0.2236       0.0048
    -14.3750       0.2198       0.0048
    -14.1250       0.2158       0.0047
    -13.8750       0.2118       0.0045
    -13.6250       0.2080       0.0045
    -13.3750       0.2037       0.0043
    -13.1250       0.1993       0.0043
    -12.8750       0.1958       0.0041
    -12.6250       0.1912       0.0041
    -12.3750       0.1875       0.0041
    -12.1250       0.1834       0.0040
    -11.8750       0.1797       0.0040
    -11.6250       0.1765       0.0040
    -11.3750       0.1727       0.0039
    -11.1250       0.1696       0.0039
    -10.8750       0.1665       0.0039
    -10.6250       0.1635       0.0038
    -10.3750       0.1610       0.0037
    -10.1250       0.1583       0.0037
     -9.8750       0.1562       0.0036
     -9.6250       0.1542       0.0035
     -9.3750       0.1520       0.0035
     -9.1250       0.1503       0.0034
     -8.8750       0.1486       0.0035
     -8.6250       0.1467       0.0033
     -8.3750       0.1457       0.0033
     -8.1250       0.1443       0.0032
     -7.8750       0.1431       0.0032
     -7.6250       0.1422       0.0032
     -7.3750       0.1413       0.0031
     -7.1250       0.1403       0.0031
     -6.8750       0.1392       0.0031
     -6.6250       0.1387       0.0031
     -6.3750       0.1376       0.0031
     -6.1250       0.1372       0.0030
     -5.8750       0.1361       0.0030
     -5.6250       0.1352       0.0030
     -5.3750       0.1344       0.0030
     -5.1250       0.1337       0.0031
     -4.8750       0.1330       0.0030
     -4.6250       0.1318       0.0030
     -4.3750       0.1312       0.0030
     -4.1250       0.1301       0.0030
     -3.8750       0.1292       0.0030
     -3.6250       0.1285       0.0029
     -3.3750       0.1272       0.0029
     -3.1250       0.1266       0.0029
     -2.8750       0.1251       0.0030
     -2.6250       0.1246       0.0029
     -2.3750       0.1235       0.0029
     -2.1250       0.1226       0.0029
     -1.8750       0.1216       0.0029
     -1.6250       0.1211       0.0029
     -1.3750       0.1203       0.0029
     -1.1250       0.1195       0.0029
     -0.8750       0.1192       0.0030
     -0.6250       0.1188       0.0029
     -0.3750       0.1184       0.0029
     -0.1250       0.1178       0.0029
      0.1250       0.1182       0.0030
      0.3750       0.1183       0.0029
      0.6250       0.1182       0.0029
      0.8750       0.1183       0.0029
      1.1250       0.1189       0.0029
      1.3750       0.1191       0.0029
      1.6250       0.1194       0.0029
      1.8750       0.1201       0.0029
      2.1250       0.1207       0.0030
      2.3750       0.1218       0.0029
      2.6250       0.1223       0.0029
      2.8750       0.1230       0.0029
      3.1250       0.1238       0.0029
      3.3750       0.1247       0.0029
      3.6250       0.1258       0.0029
      3.8750       0.1266       0.0029
      4.1250       0.1275       0.0029
      4.3750       0.1285       0.0029
      4.6250       0.1295       0.0030
      4.8750       0.1302       0.0029
      5.1250       0.1310       0.0029
      5.3750       0.1318       0.0030
      5.6250       0.1325       0.0030
      5.8750       0.1335       0.0030
      6.1250       0.1342       0.0030
      6.3750       0.1350       0.0030
      6.6250       0.1357       0.0030
      6.8750       0.1365       0.0030
      7.1250       0.1371       0.0030
      7.3750       0.1375       0.0031
      7.6250       0.1383       0.0031
      7.8750       0.1390       0.0031
      8.1250       0.1401       0.0032
      8.3750       0.1407       0.0032
      8.6250       0.1417       0.0033
      8.8750       0.1424       0.0032
      9.1250       0.1435       0.0033
      9.3750       0.1450       0.0033
      9.6250       0.1461       0.0034
      9.8750       0.1477       0.0035
     10.1250       0.1496       0.0036
     10.3750       0.1514       0.0036
     10.6250       0.1533       0.0037
     10.8750       0.1559       0.0037
     11.1250       0.1583       0.0038
     11.3750       0.1616       0.0038
     11.6250       0.1638       0.0039
     11.8750       0.1672       0.0039
     12.1250       0.1704       0.0040
     12.3750       0.1747       0.0040
     12.6250       0.1781       0.0041
     12.8750       0.1818       0.0041
     13.1250       0.1859       0.0041
     13.3750       0.1900       0.0042
     13.6250       0.1943       0.0042
     13.8750       0.1985       0.0043
     14.1250       0.2022       0.0044
     14.3750       0.2064       0.0044
     14.6250       0.2100       0.0045
     14.8750       0.2135       0.0046
     15.1250       0.2174       0.0047
     15.3750       0.2204       0.0048
     15.6250       0.2237       0.0050
     15.8750       0.2264       0.0050
     16.1250       0.2285       0.0051
     16.3750       0.2309       0.0052
     16.6250       0.2326       0.0053
     16.8750       0.2343       0.0053
     17.1250       0.2358       0.0055
     17.3750       0.2362       0.0057
     17.6250       0.2377       0.0056
     17.8750       0.2371       0.0056
     18.1250       0.2363       0.0057
     18.3750       0.2353       0.0059
     18.6250       0.2339       0.0059
     18.8750       0.2324       0.0059
     19.1250       0.2292       0.0059
     19.3750       0.2264       0.0060
     19.6250       0.2229       0.0059
     19.8750       0.2190       0.0059
     20.1250       0.2137       0.0058
     20.3750       0.2088       0.0057
     20.6250       0.2033       0.0057
     20.8750       0.1977       0.0055
     21.1250       0.1913       0.0053
     21.3750       0.1840       0.0052
     21.6250       0.1771       0.0051
     21.8750       0.1701       0.0049
     22.1250       0.1623       0.0046
     22.3750       0.1548       0.0045
     22.6250       0.1467       0.0044
     22.8750       0.1385       0.0043
     23.1250       0.1308       0.0041
     23.3750       0.1224       0.0039
     23.6250       0.1145       0.0039
     23.8750       0.1066       0.0039
     24.1250       0.0989       0.0038
     24.3750       0.0913       0.0037
     24.6250       0.0846       0.0038
     24.8750       0.0772       0.0037
     25.1250       0.0704       0.0037
     25.3750       0.0643       0.0036
     25.6250       0.0581       0.0035
     25.8750       0.0526       0.0035
     26.1250       0.0474       0.0034
     26.3750       0.0425       0.0033
     26.6250       0.0378       0.0032
     26.8750       0.0336       0.0030
     27.1250       0.0298       0.0029
     27.3750       0.0262       0.0028
     27.6250       0.0229       0.0026
     27.8750       0.0199       0.0024
     28.1250       0.0172       0.0023
     28.3750       0.0150       0.0021
     28.6250       0.0129       0.0019
     28.8750       0.0110       0.0018
     29.1250       0.0095       0.0016
     29.3750       0.0080       0.0015
     29.6250       0.0067       0.0013
     29.8750       0.0056       0.0012
     30.1250       0.0048       0.0011
     30.3750       0.0039       0.0010
     30.6250       0.0033       0.0009
     30.8750       0.0027       0.0008
     31.1250       0.0022       0.0007
     31.3750       0.0017       0.0006
     31.6250       0.0014       0.0005
     31.8750       0.0011       0.0004
     32.1250       0.0009       0.0004
     32.3750       0.0007       0.0003
     32.6250       0.0005       0.0003
     32.8750       0.0004       0.0002
     33.1250       0.0003       0.0002
     33.3750       0.0002       0.0002
     33.6250       0.0002       0.0001
     33.8750       0.0001       0.0001
     34.1250       0.0001       0.0001
     34.3750       0.0001       0.0001
     34.6250       0.0001       0.0001
     34.8750       0.0000       0.0001
     35.1250       0.0000       0.0001
     35.3750       0.0000       0.0000
     35.6250       0.0000       0.0000
     35.8750       0.0000       0.0000
     36.1250       0.0000       0.0000
     36.3750       0.0000       0.0000
     36.6250       0.0000       0.0000
     36.8750       0.0000       0.0000
     37.1250       0.0000       0.0000
     37.3750       0.0000       0.0000
     37.6250       0.0000       0.0000
     37.8750       0.0000       0.0000
     38.1250       0.0000       0.0000
     38.3750       0.0000       0.0000
     38.6250       0.0000       0.0000
     38.8750       0.0000       0.0000
     39.1250       0.0000       0.0000
     39.3750       0.0000       0.0000
