#Z                :PC|:OL  sd(:PC|:OL)
    -39.1250       0.0000       0.0000
    -38.8750       0.0000       0.0000
    -38.6250       0.0000       0.0000
    -38.3750       0.0000       0.0000
    -38.1250       0.0000       0.0000
    -37.8750       0.0000       0.0000
    -37.6250       0.0000       0.0000
    -37.3750       0.0000       0.0000
    -37.1250       0.0000       0.0000
    -36.8750       0.0000       0.0000
    -36.6250       0.0000       0.0000
    -36.3750       0.0000       0.0000
    -36.1250       0.0000       0.0000
    -35.8750       0.0000       0.0000
    -35.6250       0.0000       0.0000
    -35.3750       0.0000       0.0000
    -35.1250       0.0000       0.0000
    -34.8750       0.0000       0.0001
    -34.6250       0.0000       0.0001
    -34.3750       0.0001       0.0001
    -34.1250       0.0001       0.0001
    -33.8750       0.0001       0.0001
    -33.6250       0.0001       0.0001
    -33.3750       0.0002       0.0001
    -33.1250       0.0002       0.0002
    -32.8750       0.0003       0.0002
    -32.6250       0.0004       0.0002
    -32.3750       0.0005       0.0002
    -32.1250       0.0006       0.0003
    -31.8750       0.0008       0.0003
    -31.6250       0.0010       0.0004
    -31.3750       0.0012       0.0004
    -31.1250       0.0015       0.0005
    -30.8750       0.0020       0.0006
    -30.6250       0.0024       0.0006
    -30.3750       0.0029       0.0007
    -30.1250       0.0036       0.0008
    -29.8750       0.0043       0.0009
    -29.6250       0.0052       0.0010
    -29.3750       0.0063       0.0011
    -29.1250       0.0073       0.0012
    -28.8750       0.0087       0.0014
    -28.6250       0.0103       0.0015
    -28.3750       0.0120       0.0017
    -28.1250       0.0142       0.0018
    -27.8750       0.0164       0.0020
    -27.6250       0.0189       0.0022
    -27.3750       0.0218       0.0023
    -27.1250       0.0249       0.0025
    -26.8750       0.0284       0.0027
    -26.6250       0.0322       0.0028
    -26.3750       0.0366       0.0030
    -26.1250       0.0412       0.0032
    -25.8750       0.0460       0.0033
    -25.6250       0.0515       0.0035
    -25.3750       0.0569       0.0035
    -25.1250       0.0633       0.0037
    -24.8750       0.0695       0.0038
    -24.6250       0.0762       0.0039
    -24.3750       0.0831       0.0040
    -24.1250       0.0902       0.0040
    -23.8750       0.0979       0.0041
    -23.6250       0.1058       0.0041
    -23.3750       0.1137       0.0042
    -23.1250       0.1219       0.0042
    -22.8750       0.1300       0.0043
    -22.6250       0.1381       0.0043
    -22.3750       0.1466       0.0045
    -22.1250       0.1543       0.0045
    -21.8750       0.1628       0.0046
    -21.6250       0.1703       0.0047
    -21.3750       0.1781       0.0048
    -21.1250       0.1853       0.0050
    -20.8750       0.1928       0.0051
    -20.6250       0.1992       0.0053
    -20.3750       0.2056       0.0053
    -20.1250       0.2113       0.0054
    -19.8750       0.2169       0.0055
    -19.6250       0.2222       0.0056
    -19.3750       0.2264       0.0056
    -19.1250       0.2304       0.0057
    -18.8750       0.2336       0.0057
    -18.6250       0.2366       0.0058
    -18.3750       0.2392       0.0057
    -18.1250       0.2406       0.0057
    -17.8750       0.2424       0.0056
    -17.6250       0.2435       0.0057
    -17.3750       0.2440       0.0056
    -17.1250       0.2439       0.0055
    -16.8750       0.2440       0.0055
    -16.6250       0.2430       0.0054
    -16.3750       0.2422       0.0054
    -16.1250       0.2400       0.0054
    -15.8750       0.2388       0.0052
    -15.6250       0.2362       0.0052
    -15.3750       0.2339       0.0052
    -15.1250       0.2303       0.0050
    -14.8750       0.2273       0.0050
    -14.6250       0.2239       0.0048
    -14.3750       0.2202       0.0047
    -14.1250       0.2160       0.0047
    -13.8750       0.2121       0.0046
    -13.6250       0.2080       0.0045
    -13.3750       0.2044       0.0044
    -13.1250       0.1997       0.0043
    -12.8750       0.1957       0.0043
    -12.6250       0.1918       0.0041
    -12.3750       0.1873       0.0041
    -12.1250       0.1833       0.0040
    -11.8750       0.1799       0.0040
    -11.6250       0.1760       0.0039
    -11.3750       0.1724       0.0039
    -11.1250       0.1692       0.0038
    -10.8750       0.1658       0.0038
    -10.6250       0.1635       0.0037
    -10.3750       0.1601       0.0036
    -10.1250       0.1580       0.0036
     -9.8750       0.1557       0.0035
     -9.6250       0.1534       0.0034
     -9.3750       0.1514       0.0034
     -9.1250       0.1500       0.0033
     -8.8750       0.1488       0.0033
     -8.6250       0.1468       0.0032
     -8.3750       0.1455       0.0032
     -8.1250       0.1443       0.0032
     -7.8750       0.1435       0.0032
     -7.6250       0.1425       0.0031
     -7.3750       0.1417       0.0031
     -7.1250       0.1407       0.0031
     -6.8750       0.1398       0.0031
     -6.6250       0.1392       0.0031
     -6.3750       0.1384       0.0031
     -6.1250       0.1375       0.0031
     -5.8750       0.1367       0.0030
     -5.6250       0.1360       0.0031
     -5.3750       0.1350       0.0031
     -5.1250       0.1339       0.0030
     -4.8750       0.1334       0.0030
     -4.6250       0.1321       0.0030
     -4.3750       0.1312       0.0030
     -4.1250       0.1304       0.0030
     -3.8750       0.1291       0.0030
     -3.6250       0.1280       0.0029
     -3.3750       0.1269       0.0029
     -3.1250       0.1258       0.0029
     -2.8750       0.1245       0.0029
     -2.6250       0.1237       0.0029
     -2.3750       0.1224       0.0029
     -2.1250       0.1215       0.0029
     -1.8750       0.1206       0.0029
     -1.6250       0.1196       0.0029
     -1.3750       0.1188       0.0029
     -1.1250       0.1179       0.0029
     -0.8750       0.1173       0.0029
     -0.6250       0.1165       0.0029
     -0.3750       0.1163       0.0029
     -0.1250       0.1158       0.0029
      0.1250       0.1160       0.0029
      0.3750       0.1160       0.0029
      0.6250       0.1156       0.0028
      0.8750       0.1162       0.0028
      1.1250       0.1164       0.0028
      1.3750       0.1173       0.0029
      1.6250       0.1173       0.0029
      1.8750       0.1180       0.0029
      2.1250       0.1189       0.0029
      2.3750       0.1200       0.0029
      2.6250       0.1206       0.0029
      2.8750       0.1214       0.0029
      3.1250       0.1226       0.0028
      3.3750       0.1236       0.0029
      3.6250       0.1248       0.0029
      3.8750       0.1257       0.0029
      4.1250       0.1265       0.0029
      4.3750       0.1276       0.0029
      4.6250       0.1285       0.0029
      4.8750       0.1296       0.0030
      5.1250       0.1303       0.0030
      5.3750       0.1311       0.0030
      5.6250       0.1317       0.0030
      5.8750       0.1328       0.0030
      6.1250       0.1334       0.0030
      6.3750       0.1342       0.0030
      6.6250       0.1347       0.0030
      6.8750       0.1357       0.0030
      7.1250       0.1361       0.0030
      7.3750       0.1365       0.0030
      7.6250       0.1376       0.0031
      7.8750       0.1383       0.0031
      8.1250       0.1387       0.0030
      8.3750       0.1396       0.0031
      8.6250       0.1407       0.0031
      8.8750       0.1414       0.0032
      9.1250       0.1428       0.0032
      9.3750       0.1435       0.0033
      9.6250       0.1451       0.0033
      9.8750       0.1466       0.0034
     10.1250       0.1487       0.0034
     10.3750       0.1503       0.0035
     10.6250       0.1527       0.0036
     10.8750       0.1549       0.0036
     11.1250       0.1575       0.0037
     11.3750       0.1599       0.0037
     11.6250       0.1631       0.0039
     11.8750       0.1663       0.0038
     12.1250       0.1700       0.0039
     12.3750       0.1737       0.0039
     12.6250       0.1771       0.0040
     12.8750       0.1813       0.0040
     13.1250       0.1855       0.0041
     13.3750       0.1895       0.0042
     13.6250       0.1931       0.0041
     13.8750       0.1975       0.0042
     14.1250       0.2021       0.0043
     14.3750       0.2064       0.0044
     14.6250       0.2103       0.0044
     14.8750       0.2137       0.0046
     15.1250       0.2172       0.0047
     15.3750       0.2211       0.0047
     15.6250       0.2246       0.0049
     15.8750       0.2269       0.0049
     16.1250       0.2296       0.0050
     16.3750       0.2322       0.0051
     16.6250       0.2341       0.0052
     16.8750       0.2357       0.0053
     17.1250       0.2363       0.0053
     17.3750       0.2374       0.0054
     17.6250       0.2380       0.0054
     17.8750       0.2382       0.0056
     18.1250       0.2378       0.0055
     18.3750       0.2367       0.0056
     18.6250       0.2355       0.0055
     18.8750       0.2332       0.0056
     19.1250       0.2309       0.0056
     19.3750       0.2278       0.0057
     19.6250       0.2246       0.0056
     19.8750       0.2205       0.0056
     20.1250       0.2159       0.0056
     20.3750       0.2111       0.0056
     20.6250       0.2056       0.0055
     20.8750       0.1995       0.0054
     21.1250       0.1935       0.0053
     21.3750       0.1865       0.0051
     21.6250       0.1792       0.0050
     21.8750       0.1720       0.0049
     22.1250       0.1642       0.0046
     22.3750       0.1564       0.0045
     22.6250       0.1485       0.0044
     22.8750       0.1399       0.0042
     23.1250       0.1318       0.0041
     23.3750       0.1231       0.0040
     23.6250       0.1152       0.0038
     23.8750       0.1070       0.0039
     24.1250       0.0991       0.0038
     24.3750       0.0916       0.0037
     24.6250       0.0839       0.0037
     24.8750       0.0768       0.0036
     25.1250       0.0703       0.0035
     25.3750       0.0638       0.0035
     25.6250       0.0578       0.0034
     25.8750       0.0522       0.0033
     26.1250       0.0469       0.0033
     26.3750       0.0420       0.0032
     26.6250       0.0374       0.0030
     26.8750       0.0332       0.0029
     27.1250       0.0294       0.0028
     27.3750       0.0258       0.0027
     27.6250       0.0227       0.0025
     27.8750       0.0198       0.0024
     28.1250       0.0173       0.0022
     28.3750       0.0150       0.0021
     28.6250       0.0128       0.0019
     28.8750       0.0110       0.0018
     29.1250       0.0094       0.0016
     29.3750       0.0079       0.0015
     29.6250       0.0068       0.0014
     29.8750       0.0057       0.0012
     30.1250       0.0048       0.0011
     30.3750       0.0039       0.0010
     30.6250       0.0032       0.0009
     30.8750       0.0027       0.0008
     31.1250       0.0022       0.0007
     31.3750       0.0018       0.0006
     31.6250       0.0014       0.0005
     31.8750       0.0012       0.0005
     32.1250       0.0009       0.0004
     32.3750       0.0007       0.0004
     32.6250       0.0006       0.0003
     32.8750       0.0004       0.0003
     33.1250       0.0004       0.0002
     33.3750       0.0003       0.0002
     33.6250       0.0002       0.0002
     33.8750       0.0002       0.0001
     34.1250       0.0001       0.0001
     34.3750       0.0001       0.0001
     34.6250       0.0001       0.0001
     34.8750       0.0001       0.0001
     35.1250       0.0000       0.0001
     35.3750       0.0000       0.0001
     35.6250       0.0000       0.0001
     35.8750       0.0000       0.0000
     36.1250       0.0000       0.0000
     36.3750       0.0000       0.0000
     36.6250       0.0000       0.0000
     36.8750       0.0000       0.0000
     37.1250       0.0000       0.0000
     37.3750       0.0000       0.0000
     37.6250       0.0000       0.0000
     37.8750       0.0000       0.0000
     38.1250       0.0000       0.0000
     38.3750       0.0000       0.0000
     38.6250       0.0000       0.0000
     38.8750       0.0000       0.0000
     39.1250       0.0000       0.0000
     39.3750       0.0000       0.0000
