#Z                :PC|:OL  sd(:PC|:OL)
    -37.8750       0.0000       0.0000
    -37.6250       0.0000       0.0000
    -37.3750       0.0000       0.0000
    -37.1250       0.0000       0.0000
    -36.8750       0.0000       0.0000
    -36.6250       0.0000       0.0000
    -36.3750       0.0000       0.0000
    -36.1250       0.0000       0.0000
    -35.8750       0.0000       0.0000
    -35.6250       0.0000       0.0000
    -35.3750       0.0000       0.0000
    -35.1250       0.0000       0.0000
    -34.8750       0.0000       0.0000
    -34.6250       0.0000       0.0000
    -34.3750       0.0000       0.0000
    -34.1250       0.0000       0.0001
    -33.8750       0.0000       0.0001
    -33.6250       0.0001       0.0001
    -33.3750       0.0001       0.0001
    -33.1250       0.0001       0.0001
    -32.8750       0.0002       0.0001
    -32.6250       0.0002       0.0002
    -32.3750       0.0003       0.0002
    -32.1250       0.0004       0.0002
    -31.8750       0.0006       0.0003
    -31.6250       0.0007       0.0003
    -31.3750       0.0009       0.0004
    -31.1250       0.0012       0.0004
    -30.8750       0.0015       0.0005
    -30.6250       0.0018       0.0006
    -30.3750       0.0023       0.0006
    -30.1250       0.0028       0.0007
    -29.8750       0.0035       0.0008
    -29.6250       0.0043       0.0009
    -29.3750       0.0051       0.0010
    -29.1250       0.0063       0.0011
    -28.8750       0.0075       0.0013
    -28.6250       0.0090       0.0014
    -28.3750       0.0106       0.0015
    -28.1250       0.0126       0.0017
    -27.8750       0.0147       0.0018
    -27.6250       0.0172       0.0020
    -27.3750       0.0202       0.0021
    -27.1250       0.0231       0.0023
    -26.8750       0.0267       0.0024
    -26.6250       0.0305       0.0026
    -26.3750       0.0348       0.0028
    -26.1250       0.0395       0.0029
    -25.8750       0.0448       0.0030
    -25.6250       0.0501       0.0032
    -25.3750       0.0562       0.0033
    -25.1250       0.0624       0.0034
    -24.8750       0.0691       0.0035
    -24.6250       0.0760       0.0036
    -24.3750       0.0833       0.0037
    -24.1250       0.0914       0.0038
    -23.8750       0.0995       0.0038
    -23.6250       0.1075       0.0040
    -23.3750       0.1159       0.0041
    -23.1250       0.1246       0.0042
    -22.8750       0.1327       0.0042
    -22.6250       0.1423       0.0043
    -22.3750       0.1505       0.0044
    -22.1250       0.1592       0.0046
    -21.8750       0.1672       0.0047
    -21.6250       0.1751       0.0047
    -21.3750       0.1835       0.0048
    -21.1250       0.1907       0.0049
    -20.8750       0.1976       0.0052
    -20.6250       0.2046       0.0052
    -20.3750       0.2105       0.0053
    -20.1250       0.2165       0.0055
    -19.8750       0.2216       0.0056
    -19.6250       0.2266       0.0055
    -19.3750       0.2296       0.0056
    -19.1250       0.2339       0.0057
    -18.8750       0.2368       0.0057
    -18.6250       0.2399       0.0057
    -18.3750       0.2421       0.0058
    -18.1250       0.2438       0.0056
    -17.8750       0.2443       0.0056
    -17.6250       0.2449       0.0056
    -17.3750       0.2455       0.0055
    -17.1250       0.2450       0.0055
    -16.8750       0.2442       0.0054
    -16.6250       0.2428       0.0052
    -16.3750       0.2417       0.0051
    -16.1250       0.2398       0.0052
    -15.8750       0.2373       0.0052
    -15.6250       0.2347       0.0050
    -15.3750       0.2323       0.0050
    -15.1250       0.2286       0.0050
    -14.8750       0.2251       0.0048
    -14.6250       0.2213       0.0047
    -14.3750       0.2178       0.0046
    -14.1250       0.2135       0.0045
    -13.8750       0.2096       0.0045
    -13.6250       0.2050       0.0044
    -13.3750       0.2005       0.0043
    -13.1250       0.1961       0.0043
    -12.8750       0.1924       0.0041
    -12.6250       0.1881       0.0041
    -12.3750       0.1838       0.0040
    -12.1250       0.1801       0.0039
    -11.8750       0.1761       0.0038
    -11.6250       0.1726       0.0038
    -11.3750       0.1694       0.0039
    -11.1250       0.1659       0.0037
    -10.8750       0.1631       0.0037
    -10.6250       0.1606       0.0037
    -10.3750       0.1581       0.0035
    -10.1250       0.1563       0.0035
     -9.8750       0.1538       0.0034
     -9.6250       0.1525       0.0033
     -9.3750       0.1506       0.0033
     -9.1250       0.1493       0.0033
     -8.8750       0.1477       0.0033
     -8.6250       0.1467       0.0033
     -8.3750       0.1456       0.0032
     -8.1250       0.1446       0.0032
     -7.8750       0.1434       0.0032
     -7.6250       0.1427       0.0032
     -7.3750       0.1415       0.0031
     -7.1250       0.1410       0.0032
     -6.8750       0.1396       0.0031
     -6.6250       0.1392       0.0031
     -6.3750       0.1380       0.0031
     -6.1250       0.1373       0.0031
     -5.8750       0.1367       0.0030
     -5.6250       0.1358       0.0030
     -5.3750       0.1347       0.0030
     -5.1250       0.1340       0.0031
     -4.8750       0.1327       0.0030
     -4.6250       0.1320       0.0030
     -4.3750       0.1308       0.0030
     -4.1250       0.1298       0.0030
     -3.8750       0.1286       0.0030
     -3.6250       0.1280       0.0030
     -3.3750       0.1262       0.0029
     -3.1250       0.1253       0.0029
     -2.8750       0.1245       0.0029
     -2.6250       0.1232       0.0029
     -2.3750       0.1219       0.0029
     -2.1250       0.1210       0.0029
     -1.8750       0.1203       0.0029
     -1.6250       0.1193       0.0029
     -1.3750       0.1185       0.0028
     -1.1250       0.1174       0.0029
     -0.8750       0.1171       0.0029
     -0.6250       0.1164       0.0029
     -0.3750       0.1159       0.0029
     -0.1250       0.1159       0.0029
      0.1250       0.1161       0.0029
      0.3750       0.1159       0.0029
      0.6250       0.1160       0.0028
      0.8750       0.1165       0.0029
      1.1250       0.1165       0.0029
      1.3750       0.1170       0.0028
      1.6250       0.1177       0.0028
      1.8750       0.1185       0.0029
      2.1250       0.1189       0.0029
      2.3750       0.1197       0.0029
      2.6250       0.1207       0.0029
      2.8750       0.1221       0.0028
      3.1250       0.1225       0.0029
      3.3750       0.1236       0.0029
      3.6250       0.1247       0.0029
      3.8750       0.1254       0.0029
      4.1250       0.1269       0.0029
      4.3750       0.1274       0.0029
      4.6250       0.1289       0.0029
      4.8750       0.1294       0.0029
      5.1250       0.1301       0.0030
      5.3750       0.1307       0.0030
      5.6250       0.1316       0.0030
      5.8750       0.1323       0.0030
      6.1250       0.1334       0.0030
      6.3750       0.1334       0.0029
      6.6250       0.1345       0.0030
      6.8750       0.1350       0.0030
      7.1250       0.1355       0.0030
      7.3750       0.1363       0.0031
      7.6250       0.1370       0.0031
      7.8750       0.1377       0.0031
      8.1250       0.1385       0.0031
      8.3750       0.1392       0.0032
      8.6250       0.1403       0.0032
      8.8750       0.1414       0.0032
      9.1250       0.1422       0.0033
      9.3750       0.1437       0.0033
      9.6250       0.1456       0.0033
      9.8750       0.1469       0.0035
     10.1250       0.1489       0.0034
     10.3750       0.1507       0.0036
     10.6250       0.1529       0.0035
     10.8750       0.1554       0.0036
     11.1250       0.1586       0.0036
     11.3750       0.1607       0.0038
     11.6250       0.1641       0.0038
     11.8750       0.1672       0.0040
     12.1250       0.1712       0.0039
     12.3750       0.1741       0.0039
     12.6250       0.1780       0.0040
     12.8750       0.1824       0.0041
     13.1250       0.1857       0.0041
     13.3750       0.1907       0.0042
     13.6250       0.1950       0.0043
     13.8750       0.1991       0.0043
     14.1250       0.2024       0.0044
     14.3750       0.2072       0.0045
     14.6250       0.2103       0.0044
     14.8750       0.2149       0.0047
     15.1250       0.2183       0.0047
     15.3750       0.2214       0.0048
     15.6250       0.2251       0.0048
     15.8750       0.2279       0.0050
     16.1250       0.2303       0.0051
     16.3750       0.2328       0.0053
     16.6250       0.2345       0.0052
     16.8750       0.2363       0.0052
     17.1250       0.2373       0.0054
     17.3750       0.2381       0.0054
     17.6250       0.2381       0.0054
     17.8750       0.2382       0.0055
     18.1250       0.2377       0.0055
     18.3750       0.2366       0.0056
     18.6250       0.2352       0.0056
     18.8750       0.2329       0.0056
     19.1250       0.2301       0.0056
     19.3750       0.2272       0.0055
     19.6250       0.2240       0.0056
     19.8750       0.2196       0.0057
     20.1250       0.2151       0.0057
     20.3750       0.2106       0.0056
     20.6250       0.2044       0.0054
     20.8750       0.1989       0.0055
     21.1250       0.1919       0.0053
     21.3750       0.1854       0.0052
     21.6250       0.1785       0.0051
     21.8750       0.1709       0.0048
     22.1250       0.1629       0.0048
     22.3750       0.1553       0.0046
     22.6250       0.1467       0.0044
     22.8750       0.1393       0.0043
     23.1250       0.1308       0.0041
     23.3750       0.1228       0.0040
     23.6250       0.1147       0.0040
     23.8750       0.1068       0.0038
     24.1250       0.0994       0.0039
     24.3750       0.0922       0.0036
     24.6250       0.0842       0.0036
     24.8750       0.0772       0.0035
     25.1250       0.0709       0.0035
     25.3750       0.0643       0.0034
     25.6250       0.0583       0.0034
     25.8750       0.0525       0.0033
     26.1250       0.0474       0.0032
     26.3750       0.0426       0.0031
     26.6250       0.0380       0.0029
     26.8750       0.0335       0.0029
     27.1250       0.0297       0.0027
     27.3750       0.0265       0.0026
     27.6250       0.0231       0.0024
     27.8750       0.0201       0.0023
     28.1250       0.0176       0.0022
     28.3750       0.0152       0.0021
     28.6250       0.0131       0.0019
     28.8750       0.0112       0.0017
     29.1250       0.0096       0.0016
     29.3750       0.0082       0.0015
     29.6250       0.0070       0.0013
     29.8750       0.0059       0.0012
     30.1250       0.0050       0.0011
     30.3750       0.0041       0.0010
     30.6250       0.0034       0.0009
     30.8750       0.0028       0.0008
     31.1250       0.0023       0.0007
     31.3750       0.0019       0.0006
     31.6250       0.0016       0.0006
     31.8750       0.0013       0.0005
     32.1250       0.0010       0.0004
     32.3750       0.0008       0.0004
     32.6250       0.0007       0.0003
     32.8750       0.0005       0.0003
     33.1250       0.0004       0.0002
     33.3750       0.0003       0.0002
     33.6250       0.0002       0.0002
     33.8750       0.0002       0.0001
     34.1250       0.0002       0.0001
     34.3750       0.0001       0.0001
     34.6250       0.0001       0.0001
     34.8750       0.0001       0.0001
     35.1250       0.0000       0.0001
     35.3750       0.0000       0.0001
     35.6250       0.0000       0.0000
     35.8750       0.0000       0.0000
     36.1250       0.0000       0.0000
     36.3750       0.0000       0.0000
     36.6250       0.0000       0.0000
     36.8750       0.0000       0.0000
     37.1250       0.0000       0.0000
     37.3750       0.0000       0.0000
     37.6250       0.0000       0.0000
     37.8750       0.0000       0.0000
     38.1250       0.0000       0.0000
     38.3750       0.0000       0.0000
     38.6250       0.0000       0.0000
     38.8750       0.0000       0.0000
     39.1250       0.0000       0.0000
     39.3750       0.0000       0.0000
     39.6250       0.0000       0.0000
