#Z                :PC|:OL  sd(:PC|:OL)
    -39.6250       0.0000       0.0000
    -39.3750       0.0000       0.0000
    -39.1250       0.0000       0.0000
    -38.8750       0.0000       0.0000
    -38.6250       0.0000       0.0000
    -38.3750       0.0000       0.0000
    -38.1250       0.0000       0.0000
    -37.8750       0.0000       0.0000
    -37.6250       0.0000       0.0000
    -37.3750       0.0000       0.0000
    -37.1250       0.0000       0.0000
    -36.8750       0.0000       0.0000
    -36.6250       0.0000       0.0000
    -36.3750       0.0000       0.0000
    -36.1250       0.0000       0.0000
    -35.8750       0.0000       0.0000
    -35.6250       0.0000       0.0000
    -35.3750       0.0000       0.0000
    -35.1250       0.0000       0.0000
    -34.8750       0.0000       0.0001
    -34.6250       0.0000       0.0001
    -34.3750       0.0000       0.0001
    -34.1250       0.0001       0.0001
    -33.8750       0.0001       0.0001
    -33.6250       0.0001       0.0001
    -33.3750       0.0001       0.0001
    -33.1250       0.0002       0.0002
    -32.8750       0.0003       0.0002
    -32.6250       0.0003       0.0002
    -32.3750       0.0004       0.0003
    -32.1250       0.0005       0.0003
    -31.8750       0.0007       0.0003
    -31.6250       0.0008       0.0004
    -31.3750       0.0011       0.0005
    -31.1250       0.0013       0.0005
    -30.8750       0.0016       0.0006
    -30.6250       0.0020       0.0007
    -30.3750       0.0025       0.0008
    -30.1250       0.0030       0.0009
    -29.8750       0.0037       0.0009
    -29.6250       0.0045       0.0011
    -29.3750       0.0054       0.0012
    -29.1250       0.0064       0.0013
    -28.8750       0.0077       0.0014
    -28.6250       0.0092       0.0016
    -28.3750       0.0108       0.0017
    -28.1250       0.0129       0.0019
    -27.8750       0.0150       0.0020
    -27.6250       0.0175       0.0022
    -27.3750       0.0202       0.0024
    -27.1250       0.0233       0.0025
    -26.8750       0.0269       0.0027
    -26.6250       0.0308       0.0028
    -26.3750       0.0350       0.0030
    -26.1250       0.0397       0.0032
    -25.8750       0.0444       0.0033
    -25.6250       0.0497       0.0034
    -25.3750       0.0557       0.0035
    -25.1250       0.0617       0.0036
    -24.8750       0.0683       0.0037
    -24.6250       0.0755       0.0037
    -24.3750       0.0823       0.0039
    -24.1250       0.0899       0.0039
    -23.8750       0.0979       0.0040
    -23.6250       0.1060       0.0040
    -23.3750       0.1141       0.0041
    -23.1250       0.1227       0.0042
    -22.8750       0.1315       0.0043
    -22.6250       0.1399       0.0043
    -22.3750       0.1484       0.0044
    -22.1250       0.1572       0.0045
    -21.8750       0.1659       0.0047
    -21.6250       0.1737       0.0048
    -21.3750       0.1819       0.0050
    -21.1250       0.1893       0.0051
    -20.8750       0.1963       0.0051
    -20.6250       0.2031       0.0053
    -20.3750       0.2097       0.0053
    -20.1250       0.2156       0.0054
    -19.8750       0.2212       0.0055
    -19.6250       0.2256       0.0056
    -19.3750       0.2295       0.0056
    -19.1250       0.2336       0.0057
    -18.8750       0.2364       0.0057
    -18.6250       0.2394       0.0057
    -18.3750       0.2414       0.0057
    -18.1250       0.2432       0.0056
    -17.8750       0.2448       0.0056
    -17.6250       0.2457       0.0056
    -17.3750       0.2457       0.0056
    -17.1250       0.2456       0.0055
    -16.8750       0.2456       0.0055
    -16.6250       0.2444       0.0054
    -16.3750       0.2425       0.0053
    -16.1250       0.2408       0.0053
    -15.8750       0.2381       0.0052
    -15.6250       0.2363       0.0052
    -15.3750       0.2328       0.0052
    -15.1250       0.2293       0.0050
    -14.8750       0.2258       0.0049
    -14.6250       0.2220       0.0048
    -14.3750       0.2181       0.0048
    -14.1250       0.2136       0.0047
    -13.8750       0.2104       0.0046
    -13.6250       0.2052       0.0044
    -13.3750       0.2015       0.0044
    -13.1250       0.1968       0.0043
    -12.8750       0.1928       0.0043
    -12.6250       0.1890       0.0041
    -12.3750       0.1847       0.0041
    -12.1250       0.1808       0.0040
    -11.8750       0.1769       0.0040
    -11.6250       0.1733       0.0039
    -11.3750       0.1701       0.0038
    -11.1250       0.1672       0.0038
    -10.8750       0.1637       0.0037
    -10.6250       0.1610       0.0037
    -10.3750       0.1587       0.0036
    -10.1250       0.1561       0.0036
     -9.8750       0.1541       0.0035
     -9.6250       0.1520       0.0034
     -9.3750       0.1505       0.0034
     -9.1250       0.1487       0.0033
     -8.8750       0.1476       0.0033
     -8.6250       0.1465       0.0032
     -8.3750       0.1452       0.0032
     -8.1250       0.1443       0.0032
     -7.8750       0.1431       0.0032
     -7.6250       0.1426       0.0031
     -7.3750       0.1419       0.0031
     -7.1250       0.1411       0.0031
     -6.8750       0.1403       0.0031
     -6.6250       0.1391       0.0031
     -6.3750       0.1385       0.0030
     -6.1250       0.1376       0.0031
     -5.8750       0.1371       0.0030
     -5.6250       0.1359       0.0030
     -5.3750       0.1353       0.0030
     -5.1250       0.1340       0.0030
     -4.8750       0.1335       0.0030
     -4.6250       0.1324       0.0030
     -4.3750       0.1313       0.0030
     -4.1250       0.1304       0.0029
     -3.8750       0.1293       0.0030
     -3.6250       0.1285       0.0029
     -3.3750       0.1272       0.0030
     -3.1250       0.1261       0.0029
     -2.8750       0.1251       0.0029
     -2.6250       0.1239       0.0029
     -2.3750       0.1231       0.0029
     -2.1250       0.1218       0.0029
     -1.8750       0.1208       0.0029
     -1.6250       0.1202       0.0029
     -1.3750       0.1188       0.0029
     -1.1250       0.1183       0.0029
     -0.8750       0.1176       0.0029
     -0.6250       0.1170       0.0029
     -0.3750       0.1168       0.0029
     -0.1250       0.1161       0.0029
      0.1250       0.1163       0.0029
      0.3750       0.1157       0.0028
      0.6250       0.1160       0.0029
      0.8750       0.1162       0.0029
      1.1250       0.1168       0.0029
      1.3750       0.1171       0.0029
      1.6250       0.1179       0.0029
      1.8750       0.1186       0.0029
      2.1250       0.1193       0.0029
      2.3750       0.1202       0.0029
      2.6250       0.1213       0.0029
      2.8750       0.1225       0.0030
      3.1250       0.1234       0.0029
      3.3750       0.1246       0.0029
      3.6250       0.1254       0.0030
      3.8750       0.1265       0.0030
      4.1250       0.1274       0.0030
      4.3750       0.1286       0.0030
      4.6250       0.1290       0.0030
      4.8750       0.1303       0.0030
      5.1250       0.1311       0.0030
      5.3750       0.1319       0.0030
      5.6250       0.1326       0.0030
      5.8750       0.1333       0.0031
      6.1250       0.1342       0.0030
      6.3750       0.1349       0.0031
      6.6250       0.1353       0.0031
      6.8750       0.1358       0.0030
      7.1250       0.1366       0.0031
      7.3750       0.1374       0.0031
      7.6250       0.1381       0.0031
      7.8750       0.1387       0.0031
      8.1250       0.1392       0.0031
      8.3750       0.1402       0.0031
      8.6250       0.1412       0.0032
      8.8750       0.1421       0.0032
      9.1250       0.1430       0.0032
      9.3750       0.1443       0.0033
      9.6250       0.1457       0.0033
      9.8750       0.1469       0.0034
     10.1250       0.1488       0.0034
     10.3750       0.1508       0.0035
     10.6250       0.1532       0.0035
     10.8750       0.1554       0.0037
     11.1250       0.1571       0.0037
     11.3750       0.1605       0.0038
     11.6250       0.1631       0.0038
     11.8750       0.1662       0.0038
     12.1250       0.1701       0.0039
     12.3750       0.1738       0.0039
     12.6250       0.1773       0.0040
     12.8750       0.1812       0.0040
     13.1250       0.1853       0.0041
     13.3750       0.1897       0.0041
     13.6250       0.1939       0.0042
     13.8750       0.1986       0.0043
     14.1250       0.2023       0.0043
     14.3750       0.2065       0.0045
     14.6250       0.2109       0.0047
     14.8750       0.2147       0.0048
     15.1250       0.2185       0.0049
     15.3750       0.2219       0.0049
     15.6250       0.2242       0.0050
     15.8750       0.2275       0.0051
     16.1250       0.2300       0.0052
     16.3750       0.2319       0.0053
     16.6250       0.2338       0.0053
     16.8750       0.2352       0.0053
     17.1250       0.2363       0.0054
     17.3750       0.2364       0.0054
     17.6250       0.2374       0.0055
     17.8750       0.2368       0.0055
     18.1250       0.2365       0.0056
     18.3750       0.2362       0.0056
     18.6250       0.2337       0.0057
     18.8750       0.2327       0.0056
     19.1250       0.2305       0.0058
     19.3750       0.2278       0.0057
     19.6250       0.2243       0.0057
     19.8750       0.2206       0.0057
     20.1250       0.2159       0.0056
     20.3750       0.2111       0.0055
     20.6250       0.2054       0.0055
     20.8750       0.1990       0.0053
     21.1250       0.1928       0.0051
     21.3750       0.1853       0.0051
     21.6250       0.1781       0.0049
     21.8750       0.1710       0.0048
     22.1250       0.1628       0.0046
     22.3750       0.1547       0.0046
     22.6250       0.1460       0.0045
     22.8750       0.1381       0.0043
     23.1250       0.1299       0.0042
     23.3750       0.1216       0.0041
     23.6250       0.1132       0.0040
     23.8750       0.1052       0.0040
     24.1250       0.0975       0.0038
     24.3750       0.0903       0.0038
     24.6250       0.0831       0.0037
     24.8750       0.0758       0.0036
     25.1250       0.0692       0.0036
     25.3750       0.0632       0.0034
     25.6250       0.0571       0.0033
     25.8750       0.0518       0.0033
     26.1250       0.0465       0.0032
     26.3750       0.0419       0.0031
     26.6250       0.0376       0.0030
     26.8750       0.0334       0.0029
     27.1250       0.0296       0.0028
     27.3750       0.0265       0.0027
     27.6250       0.0235       0.0025
     27.8750       0.0205       0.0024
     28.1250       0.0181       0.0023
     28.3750       0.0158       0.0021
     28.6250       0.0138       0.0020
     28.8750       0.0120       0.0019
     29.1250       0.0104       0.0017
     29.3750       0.0090       0.0016
     29.6250       0.0078       0.0015
     29.8750       0.0066       0.0014
     30.1250       0.0057       0.0013
     30.3750       0.0048       0.0011
     30.6250       0.0040       0.0010
     30.8750       0.0034       0.0009
     31.1250       0.0029       0.0008
     31.3750       0.0024       0.0007
     31.6250       0.0020       0.0007
     31.8750       0.0016       0.0006
     32.1250       0.0013       0.0005
     32.3750       0.0011       0.0005
     32.6250       0.0009       0.0004
     32.8750       0.0007       0.0003
     33.1250       0.0006       0.0003
     33.3750       0.0005       0.0003
     33.6250       0.0004       0.0002
     33.8750       0.0003       0.0002
     34.1250       0.0003       0.0002
     34.3750       0.0002       0.0002
     34.6250       0.0002       0.0001
     34.8750       0.0001       0.0001
     35.1250       0.0001       0.0001
     35.3750       0.0001       0.0001
     35.6250       0.0001       0.0001
     35.8750       0.0000       0.0001
     36.1250       0.0000       0.0000
     36.3750       0.0000       0.0000
     36.6250       0.0000       0.0000
     36.8750       0.0000       0.0000
     37.1250       0.0000       0.0000
     37.3750       0.0000       0.0000
     37.6250       0.0000       0.0000
     37.8750       0.0000       0.0000
     38.1250       0.0000       0.0000
     38.3750       0.0000       0.0000
     38.6250       0.0000       0.0000
     38.8750       0.0000       0.0000
     39.1250       0.0000       0.0000
     39.3750       0.0000       0.0000
     39.6250       0.0000       0.0000
     39.8750       0.0000       0.0000
     40.1250       0.0000       0.0000
