#Z                :PC|:OL  sd(:PC|:OL)
    -40.6250       0.0000       0.0000
    -40.3750       0.0000       0.0000
    -40.1250       0.0000       0.0000
    -39.8750       0.0000       0.0000
    -39.6250       0.0000       0.0000
    -39.3750       0.0000       0.0000
    -39.1250       0.0000       0.0000
    -38.8750       0.0000       0.0000
    -38.6250       0.0000       0.0000
    -38.3750       0.0000       0.0000
    -38.1250       0.0000       0.0000
    -37.8750       0.0000       0.0000
    -37.6250       0.0000       0.0000
    -37.3750       0.0000       0.0000
    -37.1250       0.0000       0.0000
    -36.8750       0.0000       0.0000
    -36.6250       0.0000       0.0000
    -36.3750       0.0000       0.0000
    -36.1250       0.0000       0.0000
    -35.8750       0.0000       0.0000
    -35.6250       0.0000       0.0000
    -35.3750       0.0000       0.0000
    -35.1250       0.0000       0.0000
    -34.8750       0.0000       0.0000
    -34.6250       0.0000       0.0000
    -34.3750       0.0000       0.0000
    -34.1250       0.0000       0.0001
    -33.8750       0.0000       0.0001
    -33.6250       0.0001       0.0001
    -33.3750       0.0001       0.0001
    -33.1250       0.0001       0.0001
    -32.8750       0.0002       0.0001
    -32.6250       0.0002       0.0002
    -32.3750       0.0003       0.0002
    -32.1250       0.0004       0.0002
    -31.8750       0.0006       0.0003
    -31.6250       0.0007       0.0003
    -31.3750       0.0009       0.0004
    -31.1250       0.0011       0.0004
    -30.8750       0.0015       0.0005
    -30.6250       0.0019       0.0005
    -30.3750       0.0023       0.0006
    -30.1250       0.0029       0.0007
    -29.8750       0.0035       0.0008
    -29.6250       0.0043       0.0009
    -29.3750       0.0053       0.0010
    -29.1250       0.0063       0.0011
    -28.8750       0.0075       0.0012
    -28.6250       0.0091       0.0014
    -28.3750       0.0106       0.0015
    -28.1250       0.0127       0.0017
    -27.8750       0.0147       0.0018
    -27.6250       0.0172       0.0020
    -27.3750       0.0200       0.0021
    -27.1250       0.0231       0.0023
    -26.8750       0.0265       0.0024
    -26.6250       0.0304       0.0026
    -26.3750       0.0346       0.0028
    -26.1250       0.0393       0.0029
    -25.8750       0.0442       0.0030
    -25.6250       0.0496       0.0032
    -25.3750       0.0558       0.0033
    -25.1250       0.0618       0.0034
    -24.8750       0.0688       0.0036
    -24.6250       0.0756       0.0037
    -24.3750       0.0828       0.0037
    -24.1250       0.0908       0.0038
    -23.8750       0.0989       0.0039
    -23.6250       0.1074       0.0040
    -23.3750       0.1156       0.0041
    -23.1250       0.1244       0.0042
    -22.8750       0.1326       0.0043
    -22.6250       0.1413       0.0044
    -22.3750       0.1506       0.0045
    -22.1250       0.1589       0.0045
    -21.8750       0.1670       0.0047
    -21.6250       0.1755       0.0048
    -21.3750       0.1835       0.0050
    -21.1250       0.1913       0.0052
    -20.8750       0.1981       0.0052
    -20.6250       0.2052       0.0053
    -20.3750       0.2115       0.0054
    -20.1250       0.2169       0.0054
    -19.8750       0.2228       0.0056
    -19.6250       0.2269       0.0056
    -19.3750       0.2312       0.0056
    -19.1250       0.2351       0.0056
    -18.8750       0.2381       0.0056
    -18.6250       0.2409       0.0057
    -18.3750       0.2427       0.0056
    -18.1250       0.2448       0.0056
    -17.8750       0.2450       0.0055
    -17.6250       0.2462       0.0055
    -17.3750       0.2462       0.0055
    -17.1250       0.2459       0.0055
    -16.8750       0.2454       0.0054
    -16.6250       0.2441       0.0054
    -16.3750       0.2425       0.0054
    -16.1250       0.2408       0.0053
    -15.8750       0.2385       0.0052
    -15.6250       0.2355       0.0052
    -15.3750       0.2323       0.0051
    -15.1250       0.2293       0.0050
    -14.8750       0.2250       0.0048
    -14.6250       0.2219       0.0048
    -14.3750       0.2176       0.0046
    -14.1250       0.2134       0.0046
    -13.8750       0.2094       0.0044
    -13.6250       0.2052       0.0044
    -13.3750       0.2005       0.0043
    -13.1250       0.1961       0.0042
    -12.8750       0.1920       0.0042
    -12.6250       0.1881       0.0041
    -12.3750       0.1839       0.0041
    -12.1250       0.1802       0.0040
    -11.8750       0.1762       0.0039
    -11.6250       0.1728       0.0039
    -11.3750       0.1695       0.0038
    -11.1250       0.1662       0.0038
    -10.8750       0.1633       0.0037
    -10.6250       0.1604       0.0037
    -10.3750       0.1584       0.0037
    -10.1250       0.1560       0.0036
     -9.8750       0.1538       0.0035
     -9.6250       0.1522       0.0035
     -9.3750       0.1503       0.0034
     -9.1250       0.1485       0.0033
     -8.8750       0.1476       0.0033
     -8.6250       0.1460       0.0033
     -8.3750       0.1449       0.0032
     -8.1250       0.1440       0.0032
     -7.8750       0.1427       0.0032
     -7.6250       0.1420       0.0032
     -7.3750       0.1411       0.0031
     -7.1250       0.1402       0.0030
     -6.8750       0.1393       0.0031
     -6.6250       0.1385       0.0031
     -6.3750       0.1378       0.0030
     -6.1250       0.1369       0.0030
     -5.8750       0.1361       0.0030
     -5.6250       0.1354       0.0031
     -5.3750       0.1346       0.0030
     -5.1250       0.1335       0.0030
     -4.8750       0.1325       0.0030
     -4.6250       0.1318       0.0030
     -4.3750       0.1307       0.0030
     -4.1250       0.1295       0.0030
     -3.8750       0.1287       0.0029
     -3.6250       0.1273       0.0029
     -3.3750       0.1264       0.0029
     -3.1250       0.1251       0.0029
     -2.8750       0.1239       0.0029
     -2.6250       0.1231       0.0029
     -2.3750       0.1218       0.0029
     -2.1250       0.1206       0.0029
     -1.8750       0.1197       0.0029
     -1.6250       0.1190       0.0028
     -1.3750       0.1180       0.0028
     -1.1250       0.1172       0.0029
     -0.8750       0.1165       0.0028
     -0.6250       0.1163       0.0029
     -0.3750       0.1156       0.0029
     -0.1250       0.1155       0.0029
      0.1250       0.1155       0.0029
      0.3750       0.1159       0.0029
      0.6250       0.1159       0.0029
      0.8750       0.1159       0.0029
      1.1250       0.1165       0.0029
      1.3750       0.1172       0.0029
      1.6250       0.1178       0.0029
      1.8750       0.1187       0.0029
      2.1250       0.1195       0.0029
      2.3750       0.1205       0.0029
      2.6250       0.1212       0.0029
      2.8750       0.1223       0.0029
      3.1250       0.1232       0.0029
      3.3750       0.1241       0.0029
      3.6250       0.1252       0.0029
      3.8750       0.1262       0.0029
      4.1250       0.1271       0.0030
      4.3750       0.1281       0.0030
      4.6250       0.1291       0.0030
      4.8750       0.1300       0.0030
      5.1250       0.1307       0.0030
      5.3750       0.1317       0.0030
      5.6250       0.1324       0.0030
      5.8750       0.1333       0.0030
      6.1250       0.1338       0.0030
      6.3750       0.1346       0.0030
      6.6250       0.1350       0.0030
      6.8750       0.1356       0.0031
      7.1250       0.1362       0.0031
      7.3750       0.1367       0.0031
      7.6250       0.1376       0.0031
      7.8750       0.1380       0.0031
      8.1250       0.1388       0.0031
      8.3750       0.1398       0.0031
      8.6250       0.1402       0.0031
      8.8750       0.1411       0.0032
      9.1250       0.1423       0.0032
      9.3750       0.1434       0.0033
      9.6250       0.1448       0.0033
      9.8750       0.1463       0.0034
     10.1250       0.1481       0.0034
     10.3750       0.1502       0.0035
     10.6250       0.1526       0.0036
     10.8750       0.1544       0.0037
     11.1250       0.1572       0.0036
     11.3750       0.1601       0.0037
     11.6250       0.1635       0.0038
     11.8750       0.1667       0.0038
     12.1250       0.1709       0.0039
     12.3750       0.1743       0.0040
     12.6250       0.1786       0.0041
     12.8750       0.1827       0.0041
     13.1250       0.1868       0.0040
     13.3750       0.1909       0.0042
     13.6250       0.1951       0.0043
     13.8750       0.1996       0.0043
     14.1250       0.2040       0.0044
     14.3750       0.2082       0.0045
     14.6250       0.2122       0.0046
     14.8750       0.2163       0.0046
     15.1250       0.2199       0.0047
     15.3750       0.2232       0.0048
     15.6250       0.2267       0.0048
     15.8750       0.2297       0.0049
     16.1250       0.2324       0.0049
     16.3750       0.2348       0.0050
     16.6250       0.2366       0.0051
     16.8750       0.2383       0.0052
     17.1250       0.2394       0.0053
     17.3750       0.2404       0.0053
     17.6250       0.2406       0.0053
     17.8750       0.2409       0.0054
     18.1250       0.2402       0.0054
     18.3750       0.2389       0.0055
     18.6250       0.2379       0.0055
     18.8750       0.2360       0.0057
     19.1250       0.2334       0.0056
     19.3750       0.2304       0.0057
     19.6250       0.2270       0.0056
     19.8750       0.2224       0.0057
     20.1250       0.2179       0.0056
     20.3750       0.2126       0.0055
     20.6250       0.2072       0.0055
     20.8750       0.2011       0.0054
     21.1250       0.1944       0.0053
     21.3750       0.1871       0.0052
     21.6250       0.1795       0.0050
     21.8750       0.1723       0.0049
     22.1250       0.1639       0.0048
     22.3750       0.1562       0.0045
     22.6250       0.1473       0.0045
     22.8750       0.1390       0.0043
     23.1250       0.1306       0.0042
     23.3750       0.1221       0.0040
     23.6250       0.1142       0.0040
     23.8750       0.1059       0.0038
     24.1250       0.0979       0.0037
     24.3750       0.0904       0.0037
     24.6250       0.0829       0.0036
     24.8750       0.0757       0.0035
     25.1250       0.0689       0.0034
     25.3750       0.0625       0.0034
     25.6250       0.0564       0.0033
     25.8750       0.0507       0.0032
     26.1250       0.0453       0.0031
     26.3750       0.0405       0.0030
     26.6250       0.0360       0.0029
     26.8750       0.0319       0.0028
     27.1250       0.0280       0.0026
     27.3750       0.0245       0.0025
     27.6250       0.0215       0.0024
     27.8750       0.0186       0.0022
     28.1250       0.0161       0.0020
     28.3750       0.0138       0.0019
     28.6250       0.0119       0.0018
     28.8750       0.0102       0.0016
     29.1250       0.0086       0.0015
     29.3750       0.0073       0.0014
     29.6250       0.0061       0.0012
     29.8750       0.0052       0.0011
     30.1250       0.0042       0.0010
     30.3750       0.0035       0.0009
     30.6250       0.0029       0.0008
     30.8750       0.0024       0.0007
     31.1250       0.0020       0.0006
     31.3750       0.0016       0.0006
     31.6250       0.0013       0.0005
     31.8750       0.0010       0.0004
     32.1250       0.0008       0.0004
     32.3750       0.0006       0.0003
     32.6250       0.0005       0.0003
     32.8750       0.0004       0.0002
     33.1250       0.0003       0.0002
     33.3750       0.0002       0.0002
     33.6250       0.0002       0.0001
     33.8750       0.0002       0.0001
     34.1250       0.0001       0.0001
     34.3750       0.0001       0.0001
     34.6250       0.0001       0.0001
     34.8750       0.0001       0.0001
     35.1250       0.0000       0.0001
     35.3750       0.0000       0.0001
     35.6250       0.0000       0.0001
     35.8750       0.0000       0.0000
     36.1250       0.0000       0.0000
     36.3750       0.0000       0.0000
     36.6250       0.0000       0.0000
     36.8750       0.0000       0.0000
     37.1250       0.0000       0.0000
     37.3750       0.0000       0.0000
     37.6250       0.0000       0.0000
     37.8750       0.0000       0.0000
     38.1250       0.0000       0.0000
     38.3750       0.0000       0.0000
     38.6250       0.0000       0.0000
     38.8750       0.0000       0.0000
     39.1250       0.0000       0.0000
     39.3750       0.0000       0.0000
     39.6250       0.0000       0.0000
     39.8750       0.0000       0.0000
     40.1250       0.0000       0.0000
     40.3750       0.0000       0.0000
     40.6250       0.0000       0.0000
     40.8750       0.0000       0.0000
