#Z                :PC|:OL  sd(:PC|:OL)
    -39.6250       0.0000       0.0000
    -39.3750       0.0000       0.0000
    -39.1250       0.0000       0.0000
    -38.8750       0.0000       0.0000
    -38.6250       0.0000       0.0000
    -38.3750       0.0000       0.0000
    -38.1250       0.0000       0.0000
    -37.8750       0.0000       0.0000
    -37.6250       0.0000       0.0000
    -37.3750       0.0000       0.0000
    -37.1250       0.0000       0.0000
    -36.8750       0.0000       0.0000
    -36.6250       0.0000       0.0000
    -36.3750       0.0000       0.0000
    -36.1250       0.0000       0.0000
    -35.8750       0.0000       0.0000
    -35.6250       0.0000       0.0000
    -35.3750       0.0000       0.0000
    -35.1250       0.0000       0.0000
    -34.8750       0.0000       0.0001
    -34.6250       0.0000       0.0001
    -34.3750       0.0000       0.0001
    -34.1250       0.0000       0.0001
    -33.8750       0.0001       0.0001
    -33.6250       0.0001       0.0001
    -33.3750       0.0001       0.0001
    -33.1250       0.0001       0.0001
    -32.8750       0.0002       0.0002
    -32.6250       0.0002       0.0002
    -32.3750       0.0003       0.0002
    -32.1250       0.0004       0.0002
    -31.8750       0.0005       0.0003
    -31.6250       0.0007       0.0003
    -31.3750       0.0009       0.0004
    -31.1250       0.0011       0.0004
    -30.8750       0.0014       0.0005
    -30.6250       0.0017       0.0006
    -30.3750       0.0021       0.0006
    -30.1250       0.0026       0.0007
    -29.8750       0.0032       0.0008
    -29.6250       0.0040       0.0009
    -29.3750       0.0048       0.0010
    -29.1250       0.0058       0.0012
    -28.8750       0.0070       0.0013
    -28.6250       0.0083       0.0014
    -28.3750       0.0099       0.0016
    -28.1250       0.0116       0.0017
    -27.8750       0.0137       0.0019
    -27.6250       0.0160       0.0020
    -27.3750       0.0186       0.0022
    -27.1250       0.0216       0.0023
    -26.8750       0.0247       0.0025
    -26.6250       0.0285       0.0026
    -26.3750       0.0326       0.0028
    -26.1250       0.0371       0.0029
    -25.8750       0.0419       0.0031
    -25.6250       0.0473       0.0032
    -25.3750       0.0530       0.0033
    -25.1250       0.0592       0.0034
    -24.8750       0.0659       0.0035
    -24.6250       0.0729       0.0036
    -24.3750       0.0802       0.0036
    -24.1250       0.0880       0.0037
    -23.8750       0.0959       0.0038
    -23.6250       0.1040       0.0038
    -23.3750       0.1129       0.0039
    -23.1250       0.1213       0.0039
    -22.8750       0.1299       0.0041
    -22.6250       0.1392       0.0042
    -22.3750       0.1475       0.0043
    -22.1250       0.1567       0.0044
    -21.8750       0.1649       0.0046
    -21.6250       0.1736       0.0047
    -21.3750       0.1821       0.0049
    -21.1250       0.1899       0.0050
    -20.8750       0.1975       0.0052
    -20.6250       0.2048       0.0053
    -20.3750       0.2115       0.0055
    -20.1250       0.2178       0.0055
    -19.8750       0.2232       0.0056
    -19.6250       0.2282       0.0057
    -19.3750       0.2331       0.0057
    -19.1250       0.2372       0.0057
    -18.8750       0.2405       0.0057
    -18.6250       0.2429       0.0057
    -18.3750       0.2453       0.0056
    -18.1250       0.2469       0.0056
    -17.8750       0.2478       0.0056
    -17.6250       0.2487       0.0057
    -17.3750       0.2486       0.0055
    -17.1250       0.2485       0.0054
    -16.8750       0.2477       0.0054
    -16.6250       0.2467       0.0053
    -16.3750       0.2447       0.0053
    -16.1250       0.2432       0.0053
    -15.8750       0.2403       0.0051
    -15.6250       0.2378       0.0050
    -15.3750       0.2350       0.0049
    -15.1250       0.2318       0.0049
    -14.8750       0.2277       0.0049
    -14.6250       0.2240       0.0047
    -14.3750       0.2200       0.0046
    -14.1250       0.2156       0.0045
    -13.8750       0.2114       0.0044
    -13.6250       0.2070       0.0044
    -13.3750       0.2021       0.0043
    -13.1250       0.1977       0.0042
    -12.8750       0.1929       0.0041
    -12.6250       0.1888       0.0040
    -12.3750       0.1846       0.0040
    -12.1250       0.1802       0.0040
    -11.8750       0.1762       0.0039
    -11.6250       0.1724       0.0038
    -11.3750       0.1688       0.0038
    -11.1250       0.1657       0.0038
    -10.8750       0.1626       0.0036
    -10.6250       0.1600       0.0036
    -10.3750       0.1574       0.0036
    -10.1250       0.1548       0.0035
     -9.8750       0.1528       0.0035
     -9.6250       0.1514       0.0034
     -9.3750       0.1490       0.0034
     -9.1250       0.1478       0.0033
     -8.8750       0.1466       0.0033
     -8.6250       0.1455       0.0032
     -8.3750       0.1444       0.0031
     -8.1250       0.1435       0.0031
     -7.8750       0.1427       0.0031
     -7.6250       0.1420       0.0031
     -7.3750       0.1410       0.0031
     -7.1250       0.1405       0.0031
     -6.8750       0.1397       0.0031
     -6.6250       0.1392       0.0031
     -6.3750       0.1386       0.0031
     -6.1250       0.1378       0.0030
     -5.8750       0.1369       0.0030
     -5.6250       0.1362       0.0030
     -5.3750       0.1354       0.0030
     -5.1250       0.1342       0.0030
     -4.8750       0.1335       0.0030
     -4.6250       0.1323       0.0030
     -4.3750       0.1315       0.0030
     -4.1250       0.1301       0.0030
     -3.8750       0.1293       0.0030
     -3.6250       0.1282       0.0030
     -3.3750       0.1268       0.0030
     -3.1250       0.1257       0.0029
     -2.8750       0.1248       0.0030
     -2.6250       0.1234       0.0029
     -2.3750       0.1222       0.0029
     -2.1250       0.1210       0.0029
     -1.8750       0.1202       0.0029
     -1.6250       0.1194       0.0029
     -1.3750       0.1184       0.0028
     -1.1250       0.1176       0.0029
     -0.8750       0.1169       0.0029
     -0.6250       0.1163       0.0028
     -0.3750       0.1157       0.0028
     -0.1250       0.1153       0.0028
      0.1250       0.1152       0.0029
      0.3750       0.1150       0.0028
      0.6250       0.1152       0.0029
      0.8750       0.1156       0.0028
      1.1250       0.1160       0.0028
      1.3750       0.1166       0.0028
      1.6250       0.1168       0.0028
      1.8750       0.1176       0.0028
      2.1250       0.1187       0.0029
      2.3750       0.1194       0.0029
      2.6250       0.1203       0.0028
      2.8750       0.1214       0.0029
      3.1250       0.1223       0.0029
      3.3750       0.1234       0.0029
      3.6250       0.1246       0.0029
      3.8750       0.1254       0.0029
      4.1250       0.1266       0.0029
      4.3750       0.1277       0.0029
      4.6250       0.1284       0.0029
      4.8750       0.1298       0.0030
      5.1250       0.1302       0.0030
      5.3750       0.1312       0.0030
      5.6250       0.1319       0.0030
      5.8750       0.1326       0.0030
      6.1250       0.1335       0.0030
      6.3750       0.1339       0.0030
      6.6250       0.1345       0.0030
      6.8750       0.1352       0.0030
      7.1250       0.1359       0.0030
      7.3750       0.1365       0.0031
      7.6250       0.1370       0.0030
      7.8750       0.1375       0.0030
      8.1250       0.1382       0.0031
      8.3750       0.1391       0.0031
      8.6250       0.1398       0.0031
      8.8750       0.1407       0.0032
      9.1250       0.1413       0.0032
      9.3750       0.1425       0.0032
      9.6250       0.1440       0.0032
      9.8750       0.1456       0.0033
     10.1250       0.1469       0.0034
     10.3750       0.1491       0.0035
     10.6250       0.1511       0.0035
     10.8750       0.1532       0.0036
     11.1250       0.1559       0.0036
     11.3750       0.1589       0.0037
     11.6250       0.1615       0.0037
     11.8750       0.1650       0.0038
     12.1250       0.1687       0.0039
     12.3750       0.1723       0.0039
     12.6250       0.1761       0.0040
     12.8750       0.1804       0.0041
     13.1250       0.1842       0.0041
     13.3750       0.1885       0.0042
     13.6250       0.1933       0.0042
     13.8750       0.1976       0.0042
     14.1250       0.2021       0.0043
     14.3750       0.2062       0.0044
     14.6250       0.2107       0.0045
     14.8750       0.2145       0.0046
     15.1250       0.2186       0.0047
     15.3750       0.2221       0.0047
     15.6250       0.2258       0.0049
     15.8750       0.2289       0.0048
     16.1250       0.2318       0.0049
     16.3750       0.2340       0.0050
     16.6250       0.2363       0.0051
     16.8750       0.2381       0.0052
     17.1250       0.2396       0.0053
     17.3750       0.2408       0.0053
     17.6250       0.2408       0.0054
     17.8750       0.2409       0.0054
     18.1250       0.2412       0.0054
     18.3750       0.2400       0.0055
     18.6250       0.2385       0.0055
     18.8750       0.2368       0.0056
     19.1250       0.2342       0.0056
     19.3750       0.2312       0.0056
     19.6250       0.2278       0.0054
     19.8750       0.2239       0.0055
     20.1250       0.2193       0.0055
     20.3750       0.2138       0.0053
     20.6250       0.2082       0.0053
     20.8750       0.2023       0.0052
     21.1250       0.1957       0.0052
     21.3750       0.1886       0.0050
     21.6250       0.1815       0.0049
     21.8750       0.1739       0.0047
     22.1250       0.1656       0.0046
     22.3750       0.1576       0.0045
     22.6250       0.1494       0.0043
     22.8750       0.1410       0.0042
     23.1250       0.1323       0.0041
     23.3750       0.1236       0.0039
     23.6250       0.1153       0.0038
     23.8750       0.1071       0.0038
     24.1250       0.0988       0.0037
     24.3750       0.0909       0.0036
     24.6250       0.0831       0.0036
     24.8750       0.0756       0.0034
     25.1250       0.0688       0.0034
     25.3750       0.0621       0.0033
     25.6250       0.0557       0.0032
     25.8750       0.0499       0.0031
     26.1250       0.0444       0.0030
     26.3750       0.0394       0.0029
     26.6250       0.0349       0.0028
     26.8750       0.0304       0.0026
     27.1250       0.0267       0.0025
     27.3750       0.0231       0.0023
     27.6250       0.0199       0.0022
     27.8750       0.0172       0.0021
     28.1250       0.0147       0.0019
     28.3750       0.0125       0.0017
     28.6250       0.0107       0.0016
     28.8750       0.0089       0.0015
     29.1250       0.0074       0.0013
     29.3750       0.0063       0.0012
     29.6250       0.0051       0.0011
     29.8750       0.0042       0.0010
     30.1250       0.0035       0.0009
     30.3750       0.0028       0.0008
     30.6250       0.0023       0.0007
     30.8750       0.0019       0.0006
     31.1250       0.0015       0.0005
     31.3750       0.0011       0.0004
     31.6250       0.0009       0.0004
     31.8750       0.0007       0.0003
     32.1250       0.0005       0.0003
     32.3750       0.0004       0.0003
     32.6250       0.0003       0.0002
     32.8750       0.0002       0.0002
     33.1250       0.0002       0.0002
     33.3750       0.0001       0.0001
     33.6250       0.0001       0.0001
     33.8750       0.0001       0.0001
     34.1250       0.0001       0.0001
     34.3750       0.0000       0.0001
     34.6250       0.0000       0.0001
     34.8750       0.0000       0.0000
     35.1250       0.0000       0.0000
     35.3750       0.0000       0.0000
     35.6250       0.0000       0.0000
     35.8750       0.0000       0.0000
     36.1250       0.0000       0.0000
     36.3750       0.0000       0.0000
     36.6250       0.0000       0.0000
     36.8750       0.0000       0.0000
     37.1250       0.0000       0.0000
     37.3750       0.0000       0.0000
     37.6250       0.0000       0.0000
     37.8750       0.0000       0.0000
     38.1250       0.0000       0.0000
     38.3750       0.0000       0.0000
     38.6250       0.0000       0.0000
     38.8750       0.0000       0.0000
     39.1250       0.0000       0.0000
     39.3750       0.0000       0.0000
     39.6250       0.0000       0.0000
