#Z                :PC|:OL  sd(:PC|:OL)
    -39.3750       0.0000       0.0000
    -39.1250       0.0000       0.0000
    -38.8750       0.0000       0.0000
    -38.6250       0.0000       0.0000
    -38.3750       0.0000       0.0000
    -38.1250       0.0000       0.0000
    -37.8750       0.0000       0.0000
    -37.6250       0.0000       0.0000
    -37.3750       0.0000       0.0000
    -37.1250       0.0000       0.0000
    -36.8750       0.0000       0.0000
    -36.6250       0.0000       0.0000
    -36.3750       0.0000       0.0000
    -36.1250       0.0000       0.0000
    -35.8750       0.0000       0.0000
    -35.6250       0.0000       0.0000
    -35.3750       0.0000       0.0000
    -35.1250       0.0000       0.0001
    -34.8750       0.0000       0.0001
    -34.6250       0.0001       0.0001
    -34.3750       0.0001       0.0001
    -34.1250       0.0001       0.0001
    -33.8750       0.0001       0.0001
    -33.6250       0.0002       0.0001
    -33.3750       0.0002       0.0001
    -33.1250       0.0003       0.0002
    -32.8750       0.0003       0.0002
    -32.6250       0.0004       0.0002
    -32.3750       0.0006       0.0003
    -32.1250       0.0007       0.0003
    -31.8750       0.0009       0.0004
    -31.6250       0.0011       0.0004
    -31.3750       0.0014       0.0005
    -31.1250       0.0017       0.0006
    -30.8750       0.0021       0.0006
    -30.6250       0.0026       0.0007
    -30.3750       0.0031       0.0008
    -30.1250       0.0038       0.0009
    -29.8750       0.0046       0.0010
    -29.6250       0.0055       0.0011
    -29.3750       0.0065       0.0013
    -29.1250       0.0077       0.0014
    -28.8750       0.0092       0.0016
    -28.6250       0.0108       0.0017
    -28.3750       0.0126       0.0019
    -28.1250       0.0148       0.0021
    -27.8750       0.0171       0.0022
    -27.6250       0.0199       0.0025
    -27.3750       0.0228       0.0026
    -27.1250       0.0260       0.0028
    -26.8750       0.0295       0.0029
    -26.6250       0.0336       0.0031
    -26.3750       0.0378       0.0033
    -26.1250       0.0424       0.0034
    -25.8750       0.0474       0.0035
    -25.6250       0.0529       0.0037
    -25.3750       0.0585       0.0037
    -25.1250       0.0647       0.0038
    -24.8750       0.0711       0.0040
    -24.6250       0.0779       0.0040
    -24.3750       0.0849       0.0041
    -24.1250       0.0921       0.0041
    -23.8750       0.0999       0.0041
    -23.6250       0.1078       0.0041
    -23.3750       0.1160       0.0042
    -23.1250       0.1237       0.0043
    -22.8750       0.1317       0.0043
    -22.6250       0.1400       0.0043
    -22.3750       0.1484       0.0044
    -22.1250       0.1561       0.0045
    -21.8750       0.1644       0.0046
    -21.6250       0.1724       0.0048
    -21.3750       0.1798       0.0049
    -21.1250       0.1872       0.0051
    -20.8750       0.1934       0.0053
    -20.6250       0.2004       0.0054
    -20.3750       0.2065       0.0055
    -20.1250       0.2126       0.0057
    -19.8750       0.2179       0.0059
    -19.6250       0.2225       0.0059
    -19.3750       0.2263       0.0059
    -19.1250       0.2304       0.0060
    -18.8750       0.2337       0.0061
    -18.6250       0.2362       0.0060
    -18.3750       0.2386       0.0060
    -18.1250       0.2406       0.0060
    -17.8750       0.2411       0.0059
    -17.6250       0.2424       0.0060
    -17.3750       0.2430       0.0058
    -17.1250       0.2426       0.0057
    -16.8750       0.2420       0.0057
    -16.6250       0.2415       0.0057
    -16.3750       0.2400       0.0057
    -16.1250       0.2382       0.0055
    -15.8750       0.2359       0.0054
    -15.6250       0.2342       0.0053
    -15.3750       0.2311       0.0053
    -15.1250       0.2281       0.0051
    -14.8750       0.2251       0.0050
    -14.6250       0.2216       0.0049
    -14.3750       0.2175       0.0047
    -14.1250       0.2138       0.0046
    -13.8750       0.2095       0.0046
    -13.6250       0.2057       0.0045
    -13.3750       0.2014       0.0043
    -13.1250       0.1977       0.0043
    -12.8750       0.1932       0.0042
    -12.6250       0.1894       0.0041
    -12.3750       0.1855       0.0041
    -12.1250       0.1815       0.0040
    -11.8750       0.1779       0.0040
    -11.6250       0.1747       0.0039
    -11.3750       0.1713       0.0038
    -11.1250       0.1684       0.0038
    -10.8750       0.1652       0.0038
    -10.6250       0.1624       0.0037
    -10.3750       0.1601       0.0037
    -10.1250       0.1578       0.0036
     -9.8750       0.1553       0.0036
     -9.6250       0.1536       0.0035
     -9.3750       0.1514       0.0034
     -9.1250       0.1503       0.0035
     -8.8750       0.1485       0.0034
     -8.6250       0.1472       0.0033
     -8.3750       0.1461       0.0033
     -8.1250       0.1448       0.0032
     -7.8750       0.1437       0.0032
     -7.6250       0.1430       0.0031
     -7.3750       0.1419       0.0031
     -7.1250       0.1412       0.0031
     -6.8750       0.1405       0.0031
     -6.6250       0.1397       0.0030
     -6.3750       0.1388       0.0031
     -6.1250       0.1380       0.0031
     -5.8750       0.1372       0.0030
     -5.6250       0.1365       0.0031
     -5.3750       0.1357       0.0031
     -5.1250       0.1346       0.0031
     -4.8750       0.1336       0.0031
     -4.6250       0.1328       0.0030
     -4.3750       0.1318       0.0030
     -4.1250       0.1304       0.0030
     -3.8750       0.1294       0.0030
     -3.6250       0.1282       0.0030
     -3.3750       0.1271       0.0030
     -3.1250       0.1259       0.0030
     -2.8750       0.1247       0.0029
     -2.6250       0.1238       0.0029
     -2.3750       0.1227       0.0029
     -2.1250       0.1216       0.0029
     -1.8750       0.1207       0.0029
     -1.6250       0.1196       0.0029
     -1.3750       0.1191       0.0029
     -1.1250       0.1183       0.0029
     -0.8750       0.1178       0.0029
     -0.6250       0.1171       0.0029
     -0.3750       0.1167       0.0029
     -0.1250       0.1166       0.0029
      0.1250       0.1163       0.0029
      0.3750       0.1164       0.0029
      0.6250       0.1164       0.0029
      0.8750       0.1167       0.0029
      1.1250       0.1170       0.0029
      1.3750       0.1175       0.0029
      1.6250       0.1179       0.0029
      1.8750       0.1187       0.0029
      2.1250       0.1194       0.0029
      2.3750       0.1202       0.0029
      2.6250       0.1209       0.0029
      2.8750       0.1220       0.0029
      3.1250       0.1229       0.0029
      3.3750       0.1239       0.0029
      3.6250       0.1251       0.0029
      3.8750       0.1260       0.0029
      4.1250       0.1270       0.0029
      4.3750       0.1281       0.0029
      4.6250       0.1290       0.0029
      4.8750       0.1300       0.0030
      5.1250       0.1306       0.0030
      5.3750       0.1315       0.0030
      5.6250       0.1324       0.0030
      5.8750       0.1331       0.0030
      6.1250       0.1339       0.0030
      6.3750       0.1344       0.0030
      6.6250       0.1354       0.0030
      6.8750       0.1359       0.0031
      7.1250       0.1368       0.0030
      7.3750       0.1373       0.0030
      7.6250       0.1380       0.0031
      7.8750       0.1389       0.0031
      8.1250       0.1395       0.0031
      8.3750       0.1406       0.0031
      8.6250       0.1412       0.0032
      8.8750       0.1421       0.0033
      9.1250       0.1432       0.0033
      9.3750       0.1447       0.0033
      9.6250       0.1457       0.0034
      9.8750       0.1473       0.0035
     10.1250       0.1492       0.0035
     10.3750       0.1510       0.0036
     10.6250       0.1532       0.0037
     10.8750       0.1555       0.0038
     11.1250       0.1581       0.0039
     11.3750       0.1606       0.0039
     11.6250       0.1641       0.0039
     11.8750       0.1671       0.0040
     12.1250       0.1706       0.0041
     12.3750       0.1740       0.0040
     12.6250       0.1779       0.0041
     12.8750       0.1819       0.0041
     13.1250       0.1859       0.0041
     13.3750       0.1901       0.0043
     13.6250       0.1941       0.0043
     13.8750       0.1984       0.0043
     14.1250       0.2022       0.0044
     14.3750       0.2067       0.0045
     14.6250       0.2106       0.0045
     14.8750       0.2141       0.0047
     15.1250       0.2176       0.0048
     15.3750       0.2213       0.0050
     15.6250       0.2244       0.0050
     15.8750       0.2270       0.0051
     16.1250       0.2299       0.0052
     16.3750       0.2322       0.0053
     16.6250       0.2340       0.0054
     16.8750       0.2355       0.0055
     17.1250       0.2369       0.0055
     17.3750       0.2377       0.0057
     17.6250       0.2374       0.0056
     17.8750       0.2372       0.0057
     18.1250       0.2376       0.0057
     18.3750       0.2364       0.0059
     18.6250       0.2351       0.0059
     18.8750       0.2328       0.0059
     19.1250       0.2304       0.0061
     19.3750       0.2274       0.0060
     19.6250       0.2240       0.0060
     19.8750       0.2200       0.0060
     20.1250       0.2154       0.0059
     20.3750       0.2107       0.0058
     20.6250       0.2050       0.0057
     20.8750       0.1990       0.0055
     21.1250       0.1927       0.0054
     21.3750       0.1862       0.0052
     21.6250       0.1792       0.0052
     21.8750       0.1722       0.0049
     22.1250       0.1641       0.0048
     22.3750       0.1563       0.0046
     22.6250       0.1483       0.0044
     22.8750       0.1402       0.0043
     23.1250       0.1323       0.0042
     23.3750       0.1239       0.0041
     23.6250       0.1160       0.0040
     23.8750       0.1079       0.0039
     24.1250       0.1002       0.0039
     24.3750       0.0925       0.0039
     24.6250       0.0849       0.0038
     24.8750       0.0780       0.0038
     25.1250       0.0714       0.0038
     25.3750       0.0649       0.0038
     25.6250       0.0590       0.0037
     25.8750       0.0531       0.0036
     26.1250       0.0475       0.0036
     26.3750       0.0427       0.0035
     26.6250       0.0380       0.0033
     26.8750       0.0337       0.0032
     27.1250       0.0299       0.0031
     27.3750       0.0262       0.0029
     27.6250       0.0230       0.0028
     27.8750       0.0200       0.0026
     28.1250       0.0174       0.0024
     28.3750       0.0150       0.0023
     28.6250       0.0129       0.0021
     28.8750       0.0110       0.0019
     29.1250       0.0094       0.0018
     29.3750       0.0079       0.0016
     29.6250       0.0067       0.0015
     29.8750       0.0056       0.0013
     30.1250       0.0047       0.0012
     30.3750       0.0039       0.0010
     30.6250       0.0033       0.0009
     30.8750       0.0026       0.0008
     31.1250       0.0022       0.0007
     31.3750       0.0018       0.0006
     31.6250       0.0014       0.0006
     31.8750       0.0012       0.0005
     32.1250       0.0009       0.0004
     32.3750       0.0007       0.0004
     32.6250       0.0006       0.0003
     32.8750       0.0005       0.0003
     33.1250       0.0004       0.0002
     33.3750       0.0003       0.0002
     33.6250       0.0002       0.0002
     33.8750       0.0002       0.0001
     34.1250       0.0001       0.0001
     34.3750       0.0001       0.0001
     34.6250       0.0001       0.0001
     34.8750       0.0000       0.0001
     35.1250       0.0000       0.0001
     35.3750       0.0000       0.0001
     35.6250       0.0000       0.0000
     35.8750       0.0000       0.0000
     36.1250       0.0000       0.0000
     36.3750       0.0000       0.0000
     36.6250       0.0000       0.0000
     36.8750       0.0000       0.0000
     37.1250       0.0000       0.0000
     37.3750       0.0000       0.0000
     37.6250       0.0000       0.0000
     37.8750       0.0000       0.0000
     38.1250       0.0000       0.0000
     38.3750       0.0000       0.0000
     38.6250       0.0000       0.0000
     38.8750       0.0000       0.0000
     39.1250       0.0000       0.0000
     39.3750       0.0000       0.0000
     39.6250       0.0000       0.0000
     39.8750       0.0000       0.0000
     40.1250       0.0000       0.0000
