#Z                :PC|:OL  sd(:PC|:OL)
    -37.3750       0.0000       0.0000
    -37.1250       0.0000       0.0000
    -36.8750       0.0000       0.0000
    -36.6250       0.0000       0.0000
    -36.3750       0.0000       0.0000
    -36.1250       0.0000       0.0000
    -35.8750       0.0000       0.0000
    -35.6250       0.0000       0.0000
    -35.3750       0.0000       0.0000
    -35.1250       0.0000       0.0000
    -34.8750       0.0000       0.0000
    -34.6250       0.0000       0.0000
    -34.3750       0.0000       0.0000
    -34.1250       0.0000       0.0001
    -33.8750       0.0001       0.0001
    -33.6250       0.0001       0.0001
    -33.3750       0.0001       0.0001
    -33.1250       0.0001       0.0001
    -32.8750       0.0002       0.0002
    -32.6250       0.0002       0.0002
    -32.3750       0.0003       0.0002
    -32.1250       0.0004       0.0002
    -31.8750       0.0006       0.0003
    -31.6250       0.0007       0.0003
    -31.3750       0.0009       0.0004
    -31.1250       0.0012       0.0004
    -30.8750       0.0015       0.0005
    -30.6250       0.0019       0.0006
    -30.3750       0.0023       0.0007
    -30.1250       0.0028       0.0007
    -29.8750       0.0035       0.0008
    -29.6250       0.0042       0.0009
    -29.3750       0.0051       0.0010
    -29.1250       0.0062       0.0011
    -28.8750       0.0073       0.0012
    -28.6250       0.0087       0.0013
    -28.3750       0.0102       0.0015
    -28.1250       0.0121       0.0016
    -27.8750       0.0141       0.0017
    -27.6250       0.0164       0.0019
    -27.3750       0.0190       0.0020
    -27.1250       0.0221       0.0021
    -26.8750       0.0253       0.0023
    -26.6250       0.0290       0.0025
    -26.3750       0.0330       0.0026
    -26.1250       0.0375       0.0027
    -25.8750       0.0424       0.0029
    -25.6250       0.0475       0.0030
    -25.3750       0.0534       0.0032
    -25.1250       0.0594       0.0032
    -24.8750       0.0658       0.0034
    -24.6250       0.0726       0.0034
    -24.3750       0.0800       0.0036
    -24.1250       0.0874       0.0037
    -23.8750       0.0953       0.0037
    -23.6250       0.1037       0.0038
    -23.3750       0.1119       0.0038
    -23.1250       0.1204       0.0039
    -22.8750       0.1290       0.0040
    -22.6250       0.1375       0.0042
    -22.3750       0.1466       0.0042
    -22.1250       0.1555       0.0044
    -21.8750       0.1637       0.0045
    -21.6250       0.1721       0.0046
    -21.3750       0.1810       0.0048
    -21.1250       0.1882       0.0050
    -20.8750       0.1966       0.0051
    -20.6250       0.2032       0.0051
    -20.3750       0.2107       0.0054
    -20.1250       0.2168       0.0054
    -19.8750       0.2226       0.0054
    -19.6250       0.2274       0.0057
    -19.3750       0.2320       0.0057
    -19.1250       0.2361       0.0057
    -18.8750       0.2397       0.0057
    -18.6250       0.2429       0.0056
    -18.3750       0.2443       0.0057
    -18.1250       0.2466       0.0058
    -17.8750       0.2477       0.0056
    -17.6250       0.2483       0.0055
    -17.3750       0.2486       0.0055
    -17.1250       0.2483       0.0055
    -16.8750       0.2476       0.0054
    -16.6250       0.2468       0.0053
    -16.3750       0.2452       0.0053
    -16.1250       0.2430       0.0052
    -15.8750       0.2413       0.0051
    -15.6250       0.2387       0.0050
    -15.3750       0.2357       0.0050
    -15.1250       0.2324       0.0050
    -14.8750       0.2291       0.0048
    -14.6250       0.2255       0.0048
    -14.3750       0.2215       0.0046
    -14.1250       0.2175       0.0045
    -13.8750       0.2131       0.0045
    -13.6250       0.2087       0.0044
    -13.3750       0.2042       0.0043
    -13.1250       0.2000       0.0042
    -12.8750       0.1954       0.0041
    -12.6250       0.1912       0.0041
    -12.3750       0.1865       0.0040
    -12.1250       0.1825       0.0040
    -11.8750       0.1785       0.0039
    -11.6250       0.1748       0.0039
    -11.3750       0.1710       0.0039
    -11.1250       0.1679       0.0037
    -10.8750       0.1642       0.0037
    -10.6250       0.1614       0.0037
    -10.3750       0.1589       0.0036
    -10.1250       0.1561       0.0035
     -9.8750       0.1544       0.0035
     -9.6250       0.1521       0.0034
     -9.3750       0.1509       0.0034
     -9.1250       0.1490       0.0033
     -8.8750       0.1474       0.0033
     -8.6250       0.1462       0.0033
     -8.3750       0.1454       0.0032
     -8.1250       0.1445       0.0032
     -7.8750       0.1438       0.0031
     -7.6250       0.1426       0.0031
     -7.3750       0.1422       0.0032
     -7.1250       0.1410       0.0031
     -6.8750       0.1405       0.0031
     -6.6250       0.1396       0.0030
     -6.3750       0.1393       0.0031
     -6.1250       0.1382       0.0030
     -5.8750       0.1374       0.0030
     -5.6250       0.1367       0.0030
     -5.3750       0.1362       0.0030
     -5.1250       0.1352       0.0030
     -4.8750       0.1341       0.0030
     -4.6250       0.1331       0.0030
     -4.3750       0.1322       0.0030
     -4.1250       0.1308       0.0030
     -3.8750       0.1298       0.0029
     -3.6250       0.1287       0.0030
     -3.3750       0.1274       0.0029
     -3.1250       0.1264       0.0030
     -2.8750       0.1250       0.0029
     -2.6250       0.1240       0.0029
     -2.3750       0.1226       0.0029
     -2.1250       0.1212       0.0029
     -1.8750       0.1203       0.0029
     -1.6250       0.1195       0.0029
     -1.3750       0.1183       0.0029
     -1.1250       0.1174       0.0029
     -0.8750       0.1168       0.0029
     -0.6250       0.1159       0.0029
     -0.3750       0.1157       0.0028
     -0.1250       0.1150       0.0029
      0.1250       0.1151       0.0029
      0.3750       0.1151       0.0028
      0.6250       0.1152       0.0029
      0.8750       0.1156       0.0029
      1.1250       0.1158       0.0029
      1.3750       0.1165       0.0029
      1.6250       0.1171       0.0029
      1.8750       0.1177       0.0029
      2.1250       0.1184       0.0028
      2.3750       0.1194       0.0028
      2.6250       0.1204       0.0029
      2.8750       0.1214       0.0029
      3.1250       0.1227       0.0029
      3.3750       0.1234       0.0029
      3.6250       0.1245       0.0030
      3.8750       0.1255       0.0029
      4.1250       0.1262       0.0029
      4.3750       0.1276       0.0029
      4.6250       0.1288       0.0029
      4.8750       0.1293       0.0030
      5.1250       0.1303       0.0030
      5.3750       0.1311       0.0030
      5.6250       0.1320       0.0030
      5.8750       0.1325       0.0030
      6.1250       0.1328       0.0030
      6.3750       0.1339       0.0030
      6.6250       0.1345       0.0030
      6.8750       0.1351       0.0030
      7.1250       0.1357       0.0030
      7.3750       0.1362       0.0030
      7.6250       0.1363       0.0030
      7.8750       0.1370       0.0030
      8.1250       0.1377       0.0031
      8.3750       0.1385       0.0031
      8.6250       0.1390       0.0031
      8.8750       0.1396       0.0032
      9.1250       0.1407       0.0031
      9.3750       0.1420       0.0032
      9.6250       0.1432       0.0033
      9.8750       0.1447       0.0033
     10.1250       0.1458       0.0034
     10.3750       0.1475       0.0035
     10.6250       0.1494       0.0035
     10.8750       0.1516       0.0036
     11.1250       0.1543       0.0037
     11.3750       0.1568       0.0037
     11.6250       0.1597       0.0037
     11.8750       0.1633       0.0038
     12.1250       0.1665       0.0039
     12.3750       0.1705       0.0039
     12.6250       0.1739       0.0039
     12.8750       0.1781       0.0040
     13.1250       0.1825       0.0040
     13.3750       0.1871       0.0041
     13.6250       0.1917       0.0042
     13.8750       0.1962       0.0042
     14.1250       0.2007       0.0043
     14.3750       0.2053       0.0044
     14.6250       0.2096       0.0044
     14.8750       0.2139       0.0045
     15.1250       0.2183       0.0045
     15.3750       0.2216       0.0047
     15.6250       0.2253       0.0048
     15.8750       0.2289       0.0049
     16.1250       0.2327       0.0049
     16.3750       0.2347       0.0050
     16.6250       0.2370       0.0051
     16.8750       0.2389       0.0051
     17.1250       0.2401       0.0051
     17.3750       0.2411       0.0052
     17.6250       0.2417       0.0052
     17.8750       0.2419       0.0054
     18.1250       0.2416       0.0053
     18.3750       0.2409       0.0054
     18.6250       0.2399       0.0054
     18.8750       0.2380       0.0054
     19.1250       0.2359       0.0055
     19.3750       0.2328       0.0054
     19.6250       0.2297       0.0056
     19.8750       0.2261       0.0055
     20.1250       0.2215       0.0055
     20.3750       0.2170       0.0054
     20.6250       0.2115       0.0054
     20.8750       0.2055       0.0053
     21.1250       0.1992       0.0052
     21.3750       0.1920       0.0052
     21.6250       0.1843       0.0051
     21.8750       0.1769       0.0048
     22.1250       0.1682       0.0047
     22.3750       0.1601       0.0045
     22.6250       0.1515       0.0044
     22.8750       0.1424       0.0043
     23.1250       0.1337       0.0041
     23.3750       0.1249       0.0040
     23.6250       0.1160       0.0040
     23.8750       0.1078       0.0038
     24.1250       0.0990       0.0037
     24.3750       0.0907       0.0036
     24.6250       0.0829       0.0035
     24.8750       0.0754       0.0034
     25.1250       0.0681       0.0033
     25.3750       0.0615       0.0031
     25.6250       0.0552       0.0030
     25.8750       0.0493       0.0029
     26.1250       0.0438       0.0028
     26.3750       0.0388       0.0027
     26.6250       0.0340       0.0025
     26.8750       0.0299       0.0024
     27.1250       0.0261       0.0023
     27.3750       0.0227       0.0021
     27.6250       0.0197       0.0020
     27.8750       0.0169       0.0019
     28.1250       0.0144       0.0017
     28.3750       0.0123       0.0016
     28.6250       0.0104       0.0015
     28.8750       0.0087       0.0014
     29.1250       0.0074       0.0013
     29.3750       0.0061       0.0012
     29.6250       0.0051       0.0010
     29.8750       0.0042       0.0010
     30.1250       0.0034       0.0009
     30.3750       0.0028       0.0008
     30.6250       0.0022       0.0007
     30.8750       0.0018       0.0006
     31.1250       0.0015       0.0005
     31.3750       0.0011       0.0005
     31.6250       0.0009       0.0004
     31.8750       0.0007       0.0004
     32.1250       0.0006       0.0003
     32.3750       0.0004       0.0003
     32.6250       0.0003       0.0002
     32.8750       0.0003       0.0002
     33.1250       0.0002       0.0002
     33.3750       0.0002       0.0001
     33.6250       0.0001       0.0001
     33.8750       0.0001       0.0001
     34.1250       0.0001       0.0001
     34.3750       0.0001       0.0001
     34.6250       0.0000       0.0001
     34.8750       0.0000       0.0000
     35.1250       0.0000       0.0000
     35.3750       0.0000       0.0000
     35.6250       0.0000       0.0000
     35.8750       0.0000       0.0000
     36.1250       0.0000       0.0000
     36.3750       0.0000       0.0000
     36.6250       0.0000       0.0000
     36.8750       0.0000       0.0000
     37.1250       0.0000       0.0000
     37.3750       0.0000       0.0000
     37.6250       0.0000       0.0000
     37.8750       0.0000       0.0000
     38.1250       0.0000       0.0000
     38.3750       0.0000       0.0000
     38.6250       0.0000       0.0000
     38.8750       0.0000       0.0000
     39.1250       0.0000       0.0000
     39.3750       0.0000       0.0000
     39.6250       0.0000       0.0000
     39.8750       0.0000       0.0000
