#Z                :PC|:OL  sd(:PC|:OL)
    -39.1250       0.0000       0.0000
    -38.8750       0.0000       0.0000
    -38.6250       0.0000       0.0000
    -38.3750       0.0000       0.0000
    -38.1250       0.0000       0.0000
    -37.8750       0.0000       0.0000
    -37.6250       0.0000       0.0000
    -37.3750       0.0000       0.0000
    -37.1250       0.0000       0.0000
    -36.8750       0.0000       0.0000
    -36.6250       0.0000       0.0000
    -36.3750       0.0000       0.0000
    -36.1250       0.0000       0.0000
    -35.8750       0.0000       0.0000
    -35.6250       0.0000       0.0000
    -35.3750       0.0000       0.0000
    -35.1250       0.0000       0.0001
    -34.8750       0.0000       0.0001
    -34.6250       0.0001       0.0001
    -34.3750       0.0001       0.0001
    -34.1250       0.0001       0.0001
    -33.8750       0.0001       0.0001
    -33.6250       0.0002       0.0002
    -33.3750       0.0002       0.0002
    -33.1250       0.0003       0.0002
    -32.8750       0.0004       0.0002
    -32.6250       0.0005       0.0003
    -32.3750       0.0007       0.0003
    -32.1250       0.0009       0.0004
    -31.8750       0.0011       0.0004
    -31.6250       0.0014       0.0005
    -31.3750       0.0017       0.0006
    -31.1250       0.0021       0.0007
    -30.8750       0.0026       0.0008
    -30.6250       0.0032       0.0009
    -30.3750       0.0039       0.0010
    -30.1250       0.0047       0.0011
    -29.8750       0.0056       0.0012
    -29.6250       0.0067       0.0014
    -29.3750       0.0080       0.0016
    -29.1250       0.0095       0.0017
    -28.8750       0.0111       0.0018
    -28.6250       0.0130       0.0020
    -28.3750       0.0151       0.0022
    -28.1250       0.0175       0.0024
    -27.8750       0.0200       0.0026
    -27.6250       0.0229       0.0028
    -27.3750       0.0261       0.0029
    -27.1250       0.0297       0.0031
    -26.8750       0.0335       0.0034
    -26.6250       0.0376       0.0034
    -26.3750       0.0423       0.0037
    -26.1250       0.0470       0.0037
    -25.8750       0.0522       0.0039
    -25.6250       0.0579       0.0040
    -25.3750       0.0636       0.0041
    -25.1250       0.0697       0.0041
    -24.8750       0.0767       0.0043
    -24.6250       0.0834       0.0043
    -24.3750       0.0903       0.0043
    -24.1250       0.0977       0.0043
    -23.8750       0.1051       0.0044
    -23.6250       0.1126       0.0043
    -23.3750       0.1199       0.0044
    -23.1250       0.1275       0.0044
    -22.8750       0.1355       0.0045
    -22.6250       0.1431       0.0044
    -22.3750       0.1504       0.0044
    -22.1250       0.1575       0.0045
    -21.8750       0.1646       0.0046
    -21.6250       0.1720       0.0048
    -21.3750       0.1786       0.0049
    -21.1250       0.1855       0.0052
    -20.8750       0.1920       0.0054
    -20.6250       0.1974       0.0054
    -20.3750       0.2032       0.0056
    -20.1250       0.2084       0.0058
    -19.8750       0.2128       0.0059
    -19.6250       0.2174       0.0058
    -19.3750       0.2216       0.0060
    -19.1250       0.2244       0.0060
    -18.8750       0.2273       0.0061
    -18.6250       0.2306       0.0060
    -18.3750       0.2325       0.0060
    -18.1250       0.2338       0.0061
    -17.8750       0.2342       0.0061
    -17.6250       0.2361       0.0059
    -17.3750       0.2361       0.0058
    -17.1250       0.2363       0.0061
    -16.8750       0.2352       0.0059
    -16.6250       0.2350       0.0058
    -16.3750       0.2343       0.0058
    -16.1250       0.2322       0.0056
    -15.8750       0.2306       0.0058
    -15.6250       0.2286       0.0054
    -15.3750       0.2258       0.0053
    -15.1250       0.2235       0.0052
    -14.8750       0.2208       0.0051
    -14.6250       0.2171       0.0048
    -14.3750       0.2139       0.0048
    -14.1250       0.2100       0.0047
    -13.8750       0.2066       0.0045
    -13.6250       0.2028       0.0044
    -13.3750       0.1994       0.0043
    -13.1250       0.1957       0.0043
    -12.8750       0.1917       0.0042
    -12.6250       0.1882       0.0042
    -12.3750       0.1850       0.0041
    -12.1250       0.1816       0.0041
    -11.8750       0.1778       0.0040
    -11.6250       0.1748       0.0040
    -11.3750       0.1717       0.0039
    -11.1250       0.1693       0.0039
    -10.8750       0.1666       0.0039
    -10.6250       0.1643       0.0038
    -10.3750       0.1617       0.0038
    -10.1250       0.1590       0.0037
     -9.8750       0.1573       0.0037
     -9.6250       0.1550       0.0037
     -9.3750       0.1531       0.0036
     -9.1250       0.1518       0.0036
     -8.8750       0.1497       0.0034
     -8.6250       0.1485       0.0034
     -8.3750       0.1473       0.0034
     -8.1250       0.1460       0.0033
     -7.8750       0.1446       0.0033
     -7.6250       0.1432       0.0033
     -7.3750       0.1422       0.0032
     -7.1250       0.1417       0.0033
     -6.8750       0.1406       0.0031
     -6.6250       0.1395       0.0031
     -6.3750       0.1387       0.0031
     -6.1250       0.1379       0.0031
     -5.8750       0.1365       0.0031
     -5.6250       0.1357       0.0031
     -5.3750       0.1344       0.0030
     -5.1250       0.1334       0.0031
     -4.8750       0.1325       0.0031
     -4.6250       0.1315       0.0030
     -4.3750       0.1304       0.0030
     -4.1250       0.1295       0.0030
     -3.8750       0.1287       0.0030
     -3.6250       0.1274       0.0030
     -3.3750       0.1261       0.0029
     -3.1250       0.1254       0.0029
     -2.8750       0.1242       0.0029
     -2.6250       0.1236       0.0029
     -2.3750       0.1225       0.0029
     -2.1250       0.1213       0.0029
     -1.8750       0.1208       0.0029
     -1.6250       0.1199       0.0029
     -1.3750       0.1197       0.0029
     -1.1250       0.1188       0.0029
     -0.8750       0.1183       0.0029
     -0.6250       0.1178       0.0030
     -0.3750       0.1174       0.0029
     -0.1250       0.1177       0.0029
      0.1250       0.1176       0.0030
      0.3750       0.1173       0.0029
      0.6250       0.1175       0.0029
      0.8750       0.1180       0.0030
      1.1250       0.1178       0.0029
      1.3750       0.1185       0.0029
      1.6250       0.1189       0.0030
      1.8750       0.1192       0.0030
      2.1250       0.1199       0.0029
      2.3750       0.1209       0.0030
      2.6250       0.1213       0.0029
      2.8750       0.1220       0.0029
      3.1250       0.1231       0.0029
      3.3750       0.1240       0.0030
      3.6250       0.1248       0.0029
      3.8750       0.1256       0.0030
      4.1250       0.1263       0.0029
      4.3750       0.1273       0.0029
      4.6250       0.1280       0.0030
      4.8750       0.1289       0.0030
      5.1250       0.1299       0.0030
      5.3750       0.1305       0.0030
      5.6250       0.1315       0.0029
      5.8750       0.1321       0.0030
      6.1250       0.1332       0.0030
      6.3750       0.1335       0.0030
      6.6250       0.1343       0.0030
      6.8750       0.1352       0.0031
      7.1250       0.1362       0.0031
      7.3750       0.1367       0.0031
      7.6250       0.1379       0.0030
      7.8750       0.1384       0.0032
      8.1250       0.1396       0.0032
      8.3750       0.1407       0.0033
      8.6250       0.1421       0.0033
      8.8750       0.1429       0.0033
      9.1250       0.1446       0.0033
      9.3750       0.1458       0.0034
      9.6250       0.1477       0.0034
      9.8750       0.1489       0.0035
     10.1250       0.1509       0.0036
     10.3750       0.1537       0.0036
     10.6250       0.1552       0.0036
     10.8750       0.1584       0.0038
     11.1250       0.1605       0.0038
     11.3750       0.1635       0.0039
     11.6250       0.1668       0.0040
     11.8750       0.1695       0.0039
     12.1250       0.1730       0.0040
     12.3750       0.1764       0.0041
     12.6250       0.1801       0.0042
     12.8750       0.1837       0.0042
     13.1250       0.1880       0.0042
     13.3750       0.1914       0.0042
     13.6250       0.1953       0.0044
     13.8750       0.1993       0.0043
     14.1250       0.2029       0.0043
     14.3750       0.2067       0.0045
     14.6250       0.2105       0.0045
     14.8750       0.2141       0.0046
     15.1250       0.2176       0.0047
     15.3750       0.2202       0.0048
     15.6250       0.2231       0.0050
     15.8750       0.2253       0.0050
     16.1250       0.2278       0.0051
     16.3750       0.2293       0.0052
     16.6250       0.2312       0.0054
     16.8750       0.2327       0.0054
     17.1250       0.2334       0.0055
     17.3750       0.2342       0.0056
     17.6250       0.2339       0.0056
     17.8750       0.2337       0.0058
     18.1250       0.2330       0.0059
     18.3750       0.2315       0.0059
     18.6250       0.2302       0.0060
     18.8750       0.2282       0.0061
     19.1250       0.2252       0.0061
     19.3750       0.2228       0.0060
     19.6250       0.2189       0.0061
     19.8750       0.2150       0.0061
     20.1250       0.2104       0.0060
     20.3750       0.2053       0.0059
     20.6250       0.1998       0.0059
     20.8750       0.1935       0.0055
     21.1250       0.1876       0.0054
     21.3750       0.1812       0.0054
     21.6250       0.1745       0.0052
     21.8750       0.1670       0.0049
     22.1250       0.1600       0.0047
     22.3750       0.1527       0.0045
     22.6250       0.1450       0.0044
     22.8750       0.1377       0.0043
     23.1250       0.1307       0.0042
     23.3750       0.1233       0.0041
     23.6250       0.1150       0.0041
     23.8750       0.1080       0.0040
     24.1250       0.1009       0.0039
     24.3750       0.0939       0.0039
     24.6250       0.0870       0.0038
     24.8750       0.0804       0.0038
     25.1250       0.0739       0.0038
     25.3750       0.0679       0.0037
     25.6250       0.0621       0.0037
     25.8750       0.0566       0.0037
     26.1250       0.0515       0.0036
     26.3750       0.0466       0.0035
     26.6250       0.0418       0.0034
     26.8750       0.0377       0.0033
     27.1250       0.0338       0.0032
     27.3750       0.0302       0.0031
     27.6250       0.0272       0.0029
     27.8750       0.0237       0.0028
     28.1250       0.0211       0.0026
     28.3750       0.0185       0.0024
     28.6250       0.0163       0.0023
     28.8750       0.0143       0.0021
     29.1250       0.0123       0.0020
     29.3750       0.0107       0.0018
     29.6250       0.0093       0.0017
     29.8750       0.0080       0.0016
     30.1250       0.0067       0.0014
     30.3750       0.0058       0.0013
     30.6250       0.0048       0.0012
     30.8750       0.0041       0.0011
     31.1250       0.0035       0.0010
     31.3750       0.0029       0.0008
     31.6250       0.0024       0.0008
     31.8750       0.0020       0.0007
     32.1250       0.0016       0.0006
     32.3750       0.0013       0.0005
     32.6250       0.0011       0.0005
     32.8750       0.0009       0.0004
     33.1250       0.0007       0.0004
     33.3750       0.0006       0.0003
     33.6250       0.0005       0.0003
     33.8750       0.0004       0.0002
     34.1250       0.0003       0.0002
     34.3750       0.0002       0.0002
     34.6250       0.0002       0.0002
     34.8750       0.0001       0.0001
     35.1250       0.0001       0.0001
     35.3750       0.0001       0.0001
     35.6250       0.0001       0.0001
     35.8750       0.0000       0.0001
     36.1250       0.0000       0.0001
     36.3750       0.0000       0.0001
     36.6250       0.0000       0.0000
     36.8750       0.0000       0.0000
     37.1250       0.0000       0.0000
     37.3750       0.0000       0.0000
     37.6250       0.0000       0.0000
     37.8750       0.0000       0.0000
     38.1250       0.0000       0.0000
     38.3750       0.0000       0.0000
     38.6250       0.0000       0.0000
     38.8750       0.0000       0.0000
     39.1250       0.0000       0.0000
     39.3750       0.0000       0.0000
     39.6250       0.0000       0.0000
