#Z                :PC|:OL  sd(:PC|:OL)
    -37.8750       0.0000       0.0000
    -37.6250       0.0000       0.0000
    -37.3750       0.0000       0.0000
    -37.1250       0.0000       0.0000
    -36.8750       0.0000       0.0000
    -36.6250       0.0000       0.0000
    -36.3750       0.0000       0.0000
    -36.1250       0.0000       0.0000
    -35.8750       0.0000       0.0000
    -35.6250       0.0000       0.0000
    -35.3750       0.0000       0.0000
    -35.1250       0.0000       0.0000
    -34.8750       0.0000       0.0000
    -34.6250       0.0000       0.0000
    -34.3750       0.0000       0.0000
    -34.1250       0.0000       0.0001
    -33.8750       0.0000       0.0001
    -33.6250       0.0001       0.0001
    -33.3750       0.0001       0.0001
    -33.1250       0.0001       0.0001
    -32.8750       0.0002       0.0001
    -32.6250       0.0002       0.0002
    -32.3750       0.0003       0.0002
    -32.1250       0.0004       0.0002
    -31.8750       0.0005       0.0003
    -31.6250       0.0006       0.0003
    -31.3750       0.0008       0.0003
    -31.1250       0.0010       0.0004
    -30.8750       0.0013       0.0005
    -30.6250       0.0016       0.0005
    -30.3750       0.0021       0.0006
    -30.1250       0.0026       0.0007
    -29.8750       0.0032       0.0008
    -29.6250       0.0039       0.0009
    -29.3750       0.0048       0.0010
    -29.1250       0.0059       0.0011
    -28.8750       0.0071       0.0013
    -28.6250       0.0085       0.0014
    -28.3750       0.0101       0.0016
    -28.1250       0.0119       0.0017
    -27.8750       0.0142       0.0019
    -27.6250       0.0165       0.0020
    -27.3750       0.0192       0.0021
    -27.1250       0.0223       0.0023
    -26.8750       0.0258       0.0025
    -26.6250       0.0296       0.0026
    -26.3750       0.0339       0.0028
    -26.1250       0.0383       0.0029
    -25.8750       0.0434       0.0031
    -25.6250       0.0488       0.0032
    -25.3750       0.0545       0.0033
    -25.1250       0.0612       0.0035
    -24.8750       0.0678       0.0035
    -24.6250       0.0748       0.0037
    -24.3750       0.0822       0.0039
    -24.1250       0.0900       0.0039
    -23.8750       0.0981       0.0039
    -23.6250       0.1062       0.0040
    -23.3750       0.1152       0.0041
    -23.1250       0.1234       0.0042
    -22.8750       0.1324       0.0042
    -22.6250       0.1412       0.0044
    -22.3750       0.1498       0.0045
    -22.1250       0.1583       0.0045
    -21.8750       0.1670       0.0047
    -21.6250       0.1752       0.0048
    -21.3750       0.1831       0.0050
    -21.1250       0.1906       0.0050
    -20.8750       0.1978       0.0052
    -20.6250       0.2042       0.0053
    -20.3750       0.2105       0.0054
    -20.1250       0.2166       0.0055
    -19.8750       0.2221       0.0056
    -19.6250       0.2269       0.0056
    -19.3750       0.2308       0.0056
    -19.1250       0.2344       0.0056
    -18.8750       0.2376       0.0056
    -18.6250       0.2402       0.0057
    -18.3750       0.2428       0.0057
    -18.1250       0.2439       0.0056
    -17.8750       0.2452       0.0055
    -17.6250       0.2459       0.0055
    -17.3750       0.2460       0.0055
    -17.1250       0.2460       0.0055
    -16.8750       0.2450       0.0054
    -16.6250       0.2440       0.0053
    -16.3750       0.2424       0.0053
    -16.1250       0.2409       0.0053
    -15.8750       0.2385       0.0052
    -15.6250       0.2355       0.0052
    -15.3750       0.2324       0.0050
    -15.1250       0.2293       0.0049
    -14.8750       0.2262       0.0049
    -14.6250       0.2221       0.0047
    -14.3750       0.2178       0.0047
    -14.1250       0.2135       0.0046
    -13.8750       0.2094       0.0045
    -13.6250       0.2052       0.0045
    -13.3750       0.2008       0.0044
    -13.1250       0.1966       0.0043
    -12.8750       0.1923       0.0042
    -12.6250       0.1881       0.0041
    -12.3750       0.1839       0.0040
    -12.1250       0.1796       0.0040
    -11.8750       0.1760       0.0039
    -11.6250       0.1722       0.0039
    -11.3750       0.1690       0.0038
    -11.1250       0.1660       0.0038
    -10.8750       0.1627       0.0036
    -10.6250       0.1602       0.0037
    -10.3750       0.1575       0.0036
    -10.1250       0.1556       0.0035
     -9.8750       0.1534       0.0035
     -9.6250       0.1516       0.0034
     -9.3750       0.1502       0.0034
     -9.1250       0.1486       0.0033
     -8.8750       0.1475       0.0033
     -8.6250       0.1462       0.0033
     -8.3750       0.1451       0.0032
     -8.1250       0.1443       0.0032
     -7.8750       0.1433       0.0031
     -7.6250       0.1424       0.0031
     -7.3750       0.1419       0.0031
     -7.1250       0.1409       0.0031
     -6.8750       0.1400       0.0031
     -6.6250       0.1393       0.0030
     -6.3750       0.1386       0.0030
     -6.1250       0.1383       0.0030
     -5.8750       0.1371       0.0030
     -5.6250       0.1359       0.0029
     -5.3750       0.1354       0.0030
     -5.1250       0.1346       0.0030
     -4.8750       0.1336       0.0030
     -4.6250       0.1325       0.0030
     -4.3750       0.1315       0.0030
     -4.1250       0.1305       0.0029
     -3.8750       0.1290       0.0029
     -3.6250       0.1284       0.0030
     -3.3750       0.1270       0.0030
     -3.1250       0.1259       0.0029
     -2.8750       0.1246       0.0029
     -2.6250       0.1235       0.0029
     -2.3750       0.1223       0.0029
     -2.1250       0.1213       0.0029
     -1.8750       0.1202       0.0029
     -1.6250       0.1193       0.0029
     -1.3750       0.1182       0.0029
     -1.1250       0.1174       0.0029
     -0.8750       0.1169       0.0029
     -0.6250       0.1159       0.0029
     -0.3750       0.1157       0.0029
     -0.1250       0.1156       0.0029
      0.1250       0.1154       0.0029
      0.3750       0.1155       0.0029
      0.6250       0.1154       0.0029
      0.8750       0.1158       0.0029
      1.1250       0.1160       0.0029
      1.3750       0.1165       0.0028
      1.6250       0.1174       0.0029
      1.8750       0.1178       0.0028
      2.1250       0.1191       0.0029
      2.3750       0.1198       0.0029
      2.6250       0.1208       0.0029
      2.8750       0.1218       0.0029
      3.1250       0.1226       0.0029
      3.3750       0.1239       0.0029
      3.6250       0.1250       0.0029
      3.8750       0.1257       0.0029
      4.1250       0.1269       0.0029
      4.3750       0.1281       0.0029
      4.6250       0.1284       0.0030
      4.8750       0.1294       0.0030
      5.1250       0.1301       0.0030
      5.3750       0.1313       0.0030
      5.6250       0.1320       0.0030
      5.8750       0.1327       0.0030
      6.1250       0.1331       0.0030
      6.3750       0.1342       0.0030
      6.6250       0.1345       0.0030
      6.8750       0.1350       0.0030
      7.1250       0.1359       0.0030
      7.3750       0.1363       0.0030
      7.6250       0.1366       0.0031
      7.8750       0.1377       0.0031
      8.1250       0.1385       0.0030
      8.3750       0.1392       0.0031
      8.6250       0.1398       0.0031
      8.8750       0.1408       0.0032
      9.1250       0.1417       0.0032
      9.3750       0.1430       0.0032
      9.6250       0.1443       0.0032
      9.8750       0.1456       0.0033
     10.1250       0.1474       0.0033
     10.3750       0.1494       0.0034
     10.6250       0.1514       0.0035
     10.8750       0.1538       0.0036
     11.1250       0.1563       0.0036
     11.3750       0.1595       0.0037
     11.6250       0.1625       0.0037
     11.8750       0.1660       0.0038
     12.1250       0.1698       0.0038
     12.3750       0.1737       0.0039
     12.6250       0.1777       0.0039
     12.8750       0.1816       0.0040
     13.1250       0.1860       0.0041
     13.3750       0.1901       0.0041
     13.6250       0.1946       0.0042
     13.8750       0.1990       0.0043
     14.1250       0.2030       0.0042
     14.3750       0.2075       0.0044
     14.6250       0.2118       0.0045
     14.8750       0.2161       0.0046
     15.1250       0.2195       0.0046
     15.3750       0.2230       0.0047
     15.6250       0.2260       0.0048
     15.8750       0.2297       0.0048
     16.1250       0.2321       0.0049
     16.3750       0.2344       0.0050
     16.6250       0.2367       0.0052
     16.8750       0.2384       0.0052
     17.1250       0.2396       0.0053
     17.3750       0.2406       0.0053
     17.6250       0.2412       0.0054
     17.8750       0.2409       0.0055
     18.1250       0.2404       0.0055
     18.3750       0.2397       0.0056
     18.6250       0.2385       0.0056
     18.8750       0.2364       0.0056
     19.1250       0.2338       0.0057
     19.3750       0.2306       0.0057
     19.6250       0.2268       0.0057
     19.8750       0.2229       0.0056
     20.1250       0.2178       0.0057
     20.3750       0.2125       0.0055
     20.6250       0.2070       0.0054
     20.8750       0.2006       0.0054
     21.1250       0.1936       0.0051
     21.3750       0.1867       0.0050
     21.6250       0.1791       0.0049
     21.8750       0.1714       0.0047
     22.1250       0.1635       0.0046
     22.3750       0.1550       0.0044
     22.6250       0.1466       0.0043
     22.8750       0.1381       0.0042
     23.1250       0.1295       0.0041
     23.3750       0.1210       0.0039
     23.6250       0.1127       0.0038
     23.8750       0.1046       0.0038
     24.1250       0.0968       0.0037
     24.3750       0.0892       0.0036
     24.6250       0.0817       0.0035
     24.8750       0.0747       0.0035
     25.1250       0.0680       0.0034
     25.3750       0.0619       0.0033
     25.6250       0.0558       0.0032
     25.8750       0.0503       0.0032
     26.1250       0.0450       0.0031
     26.3750       0.0401       0.0030
     26.6250       0.0356       0.0029
     26.8750       0.0315       0.0028
     27.1250       0.0279       0.0027
     27.3750       0.0244       0.0025
     27.6250       0.0214       0.0024
     27.8750       0.0186       0.0023
     28.1250       0.0162       0.0021
     28.3750       0.0139       0.0020
     28.6250       0.0119       0.0018
     28.8750       0.0102       0.0017
     29.1250       0.0087       0.0016
     29.3750       0.0073       0.0014
     29.6250       0.0061       0.0013
     29.8750       0.0052       0.0012
     30.1250       0.0043       0.0011
     30.3750       0.0035       0.0010
     30.6250       0.0029       0.0009
     30.8750       0.0024       0.0008
     31.1250       0.0020       0.0007
     31.3750       0.0016       0.0006
     31.6250       0.0013       0.0005
     31.8750       0.0010       0.0005
     32.1250       0.0008       0.0004
     32.3750       0.0007       0.0004
     32.6250       0.0005       0.0003
     32.8750       0.0004       0.0003
     33.1250       0.0003       0.0002
     33.3750       0.0002       0.0002
     33.6250       0.0002       0.0002
     33.8750       0.0001       0.0001
     34.1250       0.0001       0.0001
     34.3750       0.0001       0.0001
     34.6250       0.0001       0.0001
     34.8750       0.0001       0.0001
     35.1250       0.0000       0.0001
     35.3750       0.0000       0.0001
     35.6250       0.0000       0.0000
     35.8750       0.0000       0.0000
     36.1250       0.0000       0.0000
     36.3750       0.0000       0.0000
     36.6250       0.0000       0.0000
     36.8750       0.0000       0.0000
     37.1250       0.0000       0.0000
     37.3750       0.0000       0.0000
     37.6250       0.0000       0.0000
     37.8750       0.0000       0.0000
     38.1250       0.0000       0.0000
     38.3750       0.0000       0.0000
     38.6250       0.0000       0.0000
     38.8750       0.0000       0.0000
     39.1250       0.0000       0.0000
     39.3750       0.0000       0.0000
     39.6250       0.0000       0.0000
     39.8750       0.0000       0.0000
