#Z                :PC|:OL  sd(:PC|:OL)
    -38.6250       0.0000       0.0000
    -38.3750       0.0000       0.0000
    -38.1250       0.0000       0.0000
    -37.8750       0.0000       0.0000
    -37.6250       0.0000       0.0000
    -37.3750       0.0000       0.0000
    -37.1250       0.0000       0.0000
    -36.8750       0.0000       0.0000
    -36.6250       0.0000       0.0000
    -36.3750       0.0000       0.0000
    -36.1250       0.0000       0.0000
    -35.8750       0.0000       0.0000
    -35.6250       0.0000       0.0000
    -35.3750       0.0000       0.0000
    -35.1250       0.0000       0.0000
    -34.8750       0.0000       0.0001
    -34.6250       0.0000       0.0001
    -34.3750       0.0001       0.0001
    -34.1250       0.0001       0.0001
    -33.8750       0.0001       0.0001
    -33.6250       0.0002       0.0001
    -33.3750       0.0002       0.0002
    -33.1250       0.0003       0.0002
    -32.8750       0.0003       0.0002
    -32.6250       0.0004       0.0002
    -32.3750       0.0005       0.0003
    -32.1250       0.0007       0.0003
    -31.8750       0.0009       0.0004
    -31.6250       0.0011       0.0004
    -31.3750       0.0014       0.0005
    -31.1250       0.0017       0.0006
    -30.8750       0.0021       0.0006
    -30.6250       0.0027       0.0007
    -30.3750       0.0033       0.0008
    -30.1250       0.0039       0.0009
    -29.8750       0.0048       0.0010
    -29.6250       0.0058       0.0011
    -29.3750       0.0069       0.0013
    -29.1250       0.0082       0.0014
    -28.8750       0.0097       0.0015
    -28.6250       0.0113       0.0016
    -28.3750       0.0132       0.0018
    -28.1250       0.0154       0.0019
    -27.8750       0.0178       0.0021
    -27.6250       0.0206       0.0023
    -27.3750       0.0234       0.0024
    -27.1250       0.0270       0.0025
    -26.8750       0.0306       0.0027
    -26.6250       0.0345       0.0028
    -26.3750       0.0390       0.0030
    -26.1250       0.0437       0.0031
    -25.8750       0.0490       0.0032
    -25.6250       0.0544       0.0033
    -25.3750       0.0602       0.0035
    -25.1250       0.0664       0.0035
    -24.8750       0.0728       0.0036
    -24.6250       0.0796       0.0037
    -24.3750       0.0867       0.0038
    -24.1250       0.0939       0.0039
    -23.8750       0.1015       0.0039
    -23.6250       0.1090       0.0039
    -23.3750       0.1172       0.0041
    -23.1250       0.1248       0.0041
    -22.8750       0.1331       0.0042
    -22.6250       0.1408       0.0043
    -22.3750       0.1484       0.0044
    -22.1250       0.1565       0.0045
    -21.8750       0.1639       0.0047
    -21.6250       0.1709       0.0047
    -21.3750       0.1782       0.0048
    -21.1250       0.1850       0.0050
    -20.8750       0.1913       0.0051
    -20.6250       0.1971       0.0051
    -20.3750       0.2031       0.0053
    -20.1250       0.2083       0.0053
    -19.8750       0.2138       0.0055
    -19.6250       0.2180       0.0055
    -19.3750       0.2224       0.0056
    -19.1250       0.2262       0.0057
    -18.8750       0.2292       0.0056
    -18.6250       0.2324       0.0058
    -18.3750       0.2352       0.0057
    -18.1250       0.2364       0.0058
    -17.8750       0.2385       0.0057
    -17.6250       0.2399       0.0057
    -17.3750       0.2403       0.0056
    -17.1250       0.2405       0.0057
    -16.8750       0.2404       0.0056
    -16.6250       0.2397       0.0055
    -16.3750       0.2385       0.0054
    -16.1250       0.2366       0.0054
    -15.8750       0.2351       0.0053
    -15.6250       0.2326       0.0051
    -15.3750       0.2299       0.0051
    -15.1250       0.2270       0.0051
    -14.8750       0.2237       0.0049
    -14.6250       0.2204       0.0047
    -14.3750       0.2167       0.0047
    -14.1250       0.2128       0.0047
    -13.8750       0.2089       0.0045
    -13.6250       0.2048       0.0044
    -13.3750       0.2015       0.0044
    -13.1250       0.1974       0.0043
    -12.8750       0.1935       0.0042
    -12.6250       0.1899       0.0042
    -12.3750       0.1860       0.0041
    -12.1250       0.1826       0.0040
    -11.8750       0.1791       0.0040
    -11.6250       0.1757       0.0040
    -11.3750       0.1724       0.0039
    -11.1250       0.1695       0.0038
    -10.8750       0.1668       0.0037
    -10.6250       0.1641       0.0037
    -10.3750       0.1615       0.0037
    -10.1250       0.1593       0.0036
     -9.8750       0.1571       0.0036
     -9.6250       0.1549       0.0035
     -9.3750       0.1530       0.0035
     -9.1250       0.1517       0.0034
     -8.8750       0.1499       0.0034
     -8.6250       0.1483       0.0033
     -8.3750       0.1467       0.0033
     -8.1250       0.1454       0.0033
     -7.8750       0.1446       0.0032
     -7.6250       0.1431       0.0032
     -7.3750       0.1422       0.0031
     -7.1250       0.1410       0.0031
     -6.8750       0.1401       0.0031
     -6.6250       0.1394       0.0031
     -6.3750       0.1385       0.0031
     -6.1250       0.1375       0.0031
     -5.8750       0.1366       0.0030
     -5.6250       0.1357       0.0030
     -5.3750       0.1349       0.0030
     -5.1250       0.1339       0.0030
     -4.8750       0.1331       0.0030
     -4.6250       0.1321       0.0030
     -4.3750       0.1310       0.0030
     -4.1250       0.1303       0.0029
     -3.8750       0.1290       0.0030
     -3.6250       0.1280       0.0030
     -3.3750       0.1270       0.0029
     -3.1250       0.1260       0.0030
     -2.8750       0.1250       0.0029
     -2.6250       0.1242       0.0029
     -2.3750       0.1235       0.0029
     -2.1250       0.1222       0.0028
     -1.8750       0.1214       0.0029
     -1.6250       0.1206       0.0029
     -1.3750       0.1200       0.0029
     -1.1250       0.1197       0.0029
     -0.8750       0.1189       0.0029
     -0.6250       0.1185       0.0029
     -0.3750       0.1184       0.0029
     -0.1250       0.1181       0.0029
      0.1250       0.1179       0.0029
      0.3750       0.1178       0.0029
      0.6250       0.1182       0.0029
      0.8750       0.1182       0.0029
      1.1250       0.1185       0.0029
      1.3750       0.1189       0.0029
      1.6250       0.1193       0.0029
      1.8750       0.1199       0.0029
      2.1250       0.1204       0.0029
      2.3750       0.1213       0.0030
      2.6250       0.1220       0.0030
      2.8750       0.1229       0.0029
      3.1250       0.1234       0.0029
      3.3750       0.1243       0.0029
      3.6250       0.1253       0.0030
      3.8750       0.1264       0.0029
      4.1250       0.1271       0.0029
      4.3750       0.1278       0.0030
      4.6250       0.1287       0.0029
      4.8750       0.1294       0.0029
      5.1250       0.1308       0.0030
      5.3750       0.1313       0.0030
      5.6250       0.1322       0.0030
      5.8750       0.1331       0.0030
      6.1250       0.1340       0.0031
      6.3750       0.1348       0.0030
      6.6250       0.1356       0.0030
      6.8750       0.1362       0.0030
      7.1250       0.1371       0.0031
      7.3750       0.1380       0.0031
      7.6250       0.1386       0.0031
      7.8750       0.1397       0.0031
      8.1250       0.1408       0.0032
      8.3750       0.1418       0.0032
      8.6250       0.1424       0.0032
      8.8750       0.1442       0.0033
      9.1250       0.1454       0.0033
      9.3750       0.1466       0.0034
      9.6250       0.1486       0.0034
      9.8750       0.1506       0.0035
     10.1250       0.1522       0.0035
     10.3750       0.1543       0.0036
     10.6250       0.1566       0.0037
     10.8750       0.1591       0.0036
     11.1250       0.1621       0.0038
     11.3750       0.1648       0.0038
     11.6250       0.1680       0.0039
     11.8750       0.1715       0.0039
     12.1250       0.1748       0.0040
     12.3750       0.1787       0.0040
     12.6250       0.1821       0.0040
     12.8750       0.1858       0.0041
     13.1250       0.1897       0.0041
     13.3750       0.1934       0.0042
     13.6250       0.1974       0.0042
     13.8750       0.2009       0.0044
     14.1250       0.2048       0.0044
     14.3750       0.2084       0.0045
     14.6250       0.2116       0.0045
     14.8750       0.2149       0.0046
     15.1250       0.2176       0.0047
     15.3750       0.2211       0.0048
     15.6250       0.2234       0.0049
     15.8750       0.2259       0.0050
     16.1250       0.2278       0.0051
     16.3750       0.2301       0.0051
     16.6250       0.2312       0.0052
     16.8750       0.2329       0.0054
     17.1250       0.2335       0.0053
     17.3750       0.2341       0.0054
     17.6250       0.2338       0.0055
     17.8750       0.2340       0.0056
     18.1250       0.2325       0.0055
     18.3750       0.2317       0.0055
     18.6250       0.2303       0.0056
     18.8750       0.2273       0.0056
     19.1250       0.2247       0.0057
     19.3750       0.2214       0.0056
     19.6250       0.2175       0.0055
     19.8750       0.2129       0.0056
     20.1250       0.2085       0.0055
     20.3750       0.2032       0.0054
     20.6250       0.1974       0.0054
     20.8750       0.1915       0.0053
     21.1250       0.1858       0.0052
     21.3750       0.1786       0.0050
     21.6250       0.1720       0.0050
     21.8750       0.1647       0.0049
     22.1250       0.1578       0.0047
     22.3750       0.1502       0.0046
     22.6250       0.1430       0.0044
     22.8750       0.1352       0.0043
     23.1250       0.1283       0.0042
     23.3750       0.1209       0.0041
     23.6250       0.1136       0.0040
     23.8750       0.1063       0.0039
     24.1250       0.0996       0.0038
     24.3750       0.0927       0.0038
     24.6250       0.0860       0.0036
     24.8750       0.0796       0.0036
     25.1250       0.0733       0.0035
     25.3750       0.0673       0.0034
     25.6250       0.0617       0.0033
     25.8750       0.0563       0.0033
     26.1250       0.0511       0.0032
     26.3750       0.0463       0.0031
     26.6250       0.0417       0.0030
     26.8750       0.0375       0.0029
     27.1250       0.0333       0.0028
     27.3750       0.0296       0.0027
     27.6250       0.0260       0.0026
     27.8750       0.0231       0.0024
     28.1250       0.0202       0.0023
     28.3750       0.0176       0.0022
     28.6250       0.0155       0.0020
     28.8750       0.0134       0.0019
     29.1250       0.0116       0.0018
     29.3750       0.0099       0.0016
     29.6250       0.0085       0.0015
     29.8750       0.0073       0.0014
     30.1250       0.0062       0.0013
     30.3750       0.0052       0.0012
     30.6250       0.0044       0.0011
     30.8750       0.0037       0.0010
     31.1250       0.0031       0.0009
     31.3750       0.0026       0.0008
     31.6250       0.0022       0.0007
     31.8750       0.0017       0.0006
     32.1250       0.0015       0.0005
     32.3750       0.0011       0.0005
     32.6250       0.0010       0.0004
     32.8750       0.0008       0.0004
     33.1250       0.0006       0.0003
     33.3750       0.0005       0.0003
     33.6250       0.0004       0.0003
     33.8750       0.0003       0.0002
     34.1250       0.0002       0.0002
     34.3750       0.0002       0.0002
     34.6250       0.0001       0.0001
     34.8750       0.0001       0.0001
     35.1250       0.0001       0.0001
     35.3750       0.0001       0.0001
     35.6250       0.0001       0.0001
     35.8750       0.0000       0.0001
     36.1250       0.0000       0.0001
     36.3750       0.0000       0.0001
     36.6250       0.0000       0.0000
     36.8750       0.0000       0.0000
     37.1250       0.0000       0.0000
     37.3750       0.0000       0.0000
     37.6250       0.0000       0.0000
     37.8750       0.0000       0.0000
     38.1250       0.0000       0.0000
     38.3750       0.0000       0.0000
     38.6250       0.0000       0.0000
     38.8750       0.0000       0.0000
     39.1250       0.0000       0.0000
     39.3750       0.0000       0.0000
     39.6250       0.0000       0.0000
     39.8750       0.0000       0.0000
     40.1250       0.0000       0.0000
     40.3750       0.0000       0.0000
     40.6250       0.0000       0.0000
     40.8750       0.0000       0.0000
     41.1250       0.0000       0.0000
     41.3750       0.0000       0.0000
     41.6250       0.0000       0.0000
     41.8750       0.0000       0.0000
     42.1250       0.0000       0.0000
