#Z                :PC|:OL  sd(:PC|:OL)
    -40.8750       0.0000       0.0000
    -40.6250       0.0000       0.0000
    -40.3750       0.0000       0.0000
    -40.1250       0.0000       0.0000
    -39.8750       0.0000       0.0000
    -39.6250       0.0000       0.0000
    -39.3750       0.0000       0.0000
    -39.1250       0.0000       0.0000
    -38.8750       0.0000       0.0000
    -38.6250       0.0000       0.0000
    -38.3750       0.0000       0.0000
    -38.1250       0.0000       0.0000
    -37.8750       0.0000       0.0000
    -37.6250       0.0000       0.0000
    -37.3750       0.0000       0.0000
    -37.1250       0.0000       0.0000
    -36.8750       0.0000       0.0000
    -36.6250       0.0000       0.0000
    -36.3750       0.0000       0.0000
    -36.1250       0.0000       0.0000
    -35.8750       0.0000       0.0000
    -35.6250       0.0000       0.0000
    -35.3750       0.0000       0.0000
    -35.1250       0.0000       0.0001
    -34.8750       0.0000       0.0001
    -34.6250       0.0000       0.0001
    -34.3750       0.0000       0.0001
    -34.1250       0.0001       0.0001
    -33.8750       0.0001       0.0001
    -33.6250       0.0001       0.0001
    -33.3750       0.0001       0.0001
    -33.1250       0.0002       0.0002
    -32.8750       0.0002       0.0002
    -32.6250       0.0003       0.0002
    -32.3750       0.0004       0.0002
    -32.1250       0.0005       0.0003
    -31.8750       0.0006       0.0003
    -31.6250       0.0008       0.0004
    -31.3750       0.0011       0.0004
    -31.1250       0.0013       0.0005
    -30.8750       0.0017       0.0006
    -30.6250       0.0021       0.0007
    -30.3750       0.0026       0.0007
    -30.1250       0.0031       0.0008
    -29.8750       0.0038       0.0009
    -29.6250       0.0046       0.0010
    -29.3750       0.0055       0.0011
    -29.1250       0.0067       0.0013
    -28.8750       0.0079       0.0014
    -28.6250       0.0094       0.0015
    -28.3750       0.0112       0.0017
    -28.1250       0.0130       0.0018
    -27.8750       0.0153       0.0020
    -27.6250       0.0177       0.0022
    -27.3750       0.0206       0.0024
    -27.1250       0.0236       0.0025
    -26.8750       0.0272       0.0027
    -26.6250       0.0310       0.0028
    -26.3750       0.0352       0.0029
    -26.1250       0.0397       0.0031
    -25.8750       0.0446       0.0032
    -25.6250       0.0502       0.0034
    -25.3750       0.0557       0.0034
    -25.1250       0.0617       0.0035
    -24.8750       0.0684       0.0036
    -24.6250       0.0754       0.0037
    -24.3750       0.0826       0.0038
    -24.1250       0.0902       0.0038
    -23.8750       0.0981       0.0039
    -23.6250       0.1062       0.0039
    -23.3750       0.1150       0.0041
    -23.1250       0.1232       0.0041
    -22.8750       0.1314       0.0043
    -22.6250       0.1404       0.0043
    -22.3750       0.1492       0.0044
    -22.1250       0.1579       0.0045
    -21.8750       0.1662       0.0047
    -21.6250       0.1746       0.0049
    -21.3750       0.1817       0.0050
    -21.1250       0.1896       0.0050
    -20.8750       0.1967       0.0052
    -20.6250       0.2037       0.0052
    -20.3750       0.2103       0.0054
    -20.1250       0.2160       0.0055
    -19.8750       0.2215       0.0055
    -19.6250       0.2260       0.0056
    -19.3750       0.2307       0.0057
    -19.1250       0.2341       0.0057
    -18.8750       0.2374       0.0057
    -18.6250       0.2403       0.0057
    -18.3750       0.2421       0.0057
    -18.1250       0.2441       0.0057
    -17.8750       0.2456       0.0058
    -17.6250       0.2460       0.0056
    -17.3750       0.2466       0.0056
    -17.1250       0.2464       0.0056
    -16.8750       0.2455       0.0055
    -16.6250       0.2445       0.0056
    -16.3750       0.2435       0.0053
    -16.1250       0.2415       0.0053
    -15.8750       0.2390       0.0053
    -15.6250       0.2362       0.0052
    -15.3750       0.2333       0.0051
    -15.1250       0.2304       0.0050
    -14.8750       0.2266       0.0049
    -14.6250       0.2227       0.0049
    -14.3750       0.2190       0.0047
    -14.1250       0.2145       0.0047
    -13.8750       0.2110       0.0045
    -13.6250       0.2063       0.0044
    -13.3750       0.2018       0.0043
    -13.1250       0.1978       0.0042
    -12.8750       0.1935       0.0042
    -12.6250       0.1892       0.0042
    -12.3750       0.1856       0.0041
    -12.1250       0.1816       0.0040
    -11.8750       0.1776       0.0040
    -11.6250       0.1738       0.0039
    -11.3750       0.1706       0.0038
    -11.1250       0.1669       0.0037
    -10.8750       0.1640       0.0037
    -10.6250       0.1615       0.0036
    -10.3750       0.1584       0.0037
    -10.1250       0.1558       0.0035
     -9.8750       0.1540       0.0035
     -9.6250       0.1521       0.0034
     -9.3750       0.1502       0.0034
     -9.1250       0.1489       0.0034
     -8.8750       0.1475       0.0033
     -8.6250       0.1456       0.0033
     -8.3750       0.1446       0.0033
     -8.1250       0.1438       0.0032
     -7.8750       0.1425       0.0031
     -7.6250       0.1415       0.0031
     -7.3750       0.1408       0.0031
     -7.1250       0.1401       0.0031
     -6.8750       0.1394       0.0031
     -6.6250       0.1386       0.0030
     -6.3750       0.1374       0.0031
     -6.1250       0.1368       0.0031
     -5.8750       0.1365       0.0031
     -5.6250       0.1352       0.0031
     -5.3750       0.1349       0.0030
     -5.1250       0.1340       0.0030
     -4.8750       0.1332       0.0031
     -4.6250       0.1324       0.0030
     -4.3750       0.1315       0.0030
     -4.1250       0.1302       0.0030
     -3.8750       0.1294       0.0030
     -3.6250       0.1282       0.0029
     -3.3750       0.1270       0.0029
     -3.1250       0.1261       0.0029
     -2.8750       0.1249       0.0029
     -2.6250       0.1235       0.0029
     -2.3750       0.1228       0.0029
     -2.1250       0.1217       0.0029
     -1.8750       0.1203       0.0029
     -1.6250       0.1195       0.0029
     -1.3750       0.1187       0.0029
     -1.1250       0.1182       0.0029
     -0.8750       0.1173       0.0028
     -0.6250       0.1168       0.0028
     -0.3750       0.1165       0.0029
     -0.1250       0.1161       0.0028
      0.1250       0.1160       0.0028
      0.3750       0.1158       0.0029
      0.6250       0.1160       0.0029
      0.8750       0.1164       0.0029
      1.1250       0.1165       0.0029
      1.3750       0.1169       0.0029
      1.6250       0.1178       0.0029
      1.8750       0.1183       0.0029
      2.1250       0.1189       0.0029
      2.3750       0.1199       0.0029
      2.6250       0.1205       0.0029
      2.8750       0.1218       0.0029
      3.1250       0.1224       0.0029
      3.3750       0.1235       0.0029
      3.6250       0.1245       0.0030
      3.8750       0.1256       0.0030
      4.1250       0.1265       0.0030
      4.3750       0.1275       0.0030
      4.6250       0.1285       0.0030
      4.8750       0.1296       0.0029
      5.1250       0.1302       0.0029
      5.3750       0.1314       0.0030
      5.6250       0.1321       0.0031
      5.8750       0.1327       0.0030
      6.1250       0.1339       0.0030
      6.3750       0.1345       0.0030
      6.6250       0.1355       0.0031
      6.8750       0.1359       0.0030
      7.1250       0.1368       0.0030
      7.3750       0.1372       0.0031
      7.6250       0.1382       0.0031
      7.8750       0.1391       0.0031
      8.1250       0.1393       0.0031
      8.3750       0.1401       0.0031
      8.6250       0.1414       0.0031
      8.8750       0.1426       0.0031
      9.1250       0.1434       0.0033
      9.3750       0.1446       0.0033
      9.6250       0.1459       0.0033
      9.8750       0.1475       0.0034
     10.1250       0.1493       0.0034
     10.3750       0.1512       0.0035
     10.6250       0.1537       0.0035
     10.8750       0.1555       0.0036
     11.1250       0.1582       0.0036
     11.3750       0.1611       0.0037
     11.6250       0.1641       0.0038
     11.8750       0.1670       0.0038
     12.1250       0.1708       0.0039
     12.3750       0.1742       0.0040
     12.6250       0.1778       0.0039
     12.8750       0.1820       0.0041
     13.1250       0.1864       0.0041
     13.3750       0.1904       0.0041
     13.6250       0.1943       0.0042
     13.8750       0.1987       0.0043
     14.1250       0.2020       0.0044
     14.3750       0.2066       0.0045
     14.6250       0.2108       0.0045
     14.8750       0.2141       0.0047
     15.1250       0.2180       0.0047
     15.3750       0.2210       0.0048
     15.6250       0.2244       0.0050
     15.8750       0.2271       0.0050
     16.1250       0.2301       0.0050
     16.3750       0.2320       0.0052
     16.6250       0.2336       0.0053
     16.8750       0.2352       0.0053
     17.1250       0.2368       0.0054
     17.3750       0.2374       0.0054
     17.6250       0.2381       0.0055
     17.8750       0.2380       0.0056
     18.1250       0.2374       0.0057
     18.3750       0.2368       0.0056
     18.6250       0.2354       0.0057
     18.8750       0.2333       0.0057
     19.1250       0.2308       0.0058
     19.3750       0.2278       0.0057
     19.6250       0.2249       0.0057
     19.8750       0.2206       0.0056
     20.1250       0.2164       0.0056
     20.3750       0.2113       0.0055
     20.6250       0.2055       0.0054
     20.8750       0.1998       0.0053
     21.1250       0.1934       0.0052
     21.3750       0.1864       0.0050
     21.6250       0.1787       0.0050
     21.8750       0.1712       0.0048
     22.1250       0.1635       0.0046
     22.3750       0.1554       0.0044
     22.6250       0.1471       0.0043
     22.8750       0.1393       0.0043
     23.1250       0.1309       0.0042
     23.3750       0.1230       0.0041
     23.6250       0.1147       0.0041
     23.8750       0.1071       0.0039
     24.1250       0.0989       0.0038
     24.3750       0.0916       0.0039
     24.6250       0.0844       0.0038
     24.8750       0.0776       0.0038
     25.1250       0.0708       0.0036
     25.3750       0.0645       0.0036
     25.6250       0.0583       0.0035
     25.8750       0.0530       0.0034
     26.1250       0.0476       0.0034
     26.3750       0.0426       0.0032
     26.6250       0.0379       0.0031
     26.8750       0.0338       0.0030
     27.1250       0.0300       0.0028
     27.3750       0.0265       0.0027
     27.6250       0.0234       0.0026
     27.8750       0.0203       0.0024
     28.1250       0.0179       0.0022
     28.3750       0.0154       0.0021
     28.6250       0.0135       0.0020
     28.8750       0.0114       0.0018
     29.1250       0.0099       0.0017
     29.3750       0.0085       0.0015
     29.6250       0.0072       0.0014
     29.8750       0.0061       0.0012
     30.1250       0.0051       0.0011
     30.3750       0.0043       0.0010
     30.6250       0.0036       0.0009
     30.8750       0.0029       0.0008
     31.1250       0.0024       0.0007
     31.3750       0.0020       0.0006
     31.6250       0.0016       0.0006
     31.8750       0.0013       0.0005
     32.1250       0.0011       0.0004
     32.3750       0.0009       0.0004
     32.6250       0.0006       0.0003
     32.8750       0.0005       0.0003
     33.1250       0.0004       0.0002
     33.3750       0.0003       0.0002
     33.6250       0.0002       0.0002
     33.8750       0.0002       0.0002
     34.1250       0.0002       0.0001
     34.3750       0.0001       0.0001
     34.6250       0.0001       0.0001
     34.8750       0.0001       0.0001
     35.1250       0.0000       0.0001
     35.3750       0.0000       0.0001
     35.6250       0.0000       0.0000
     35.8750       0.0000       0.0000
     36.1250       0.0000       0.0000
     36.3750       0.0000       0.0000
     36.6250       0.0000       0.0000
     36.8750       0.0000       0.0000
     37.1250       0.0000       0.0000
     37.3750       0.0000       0.0000
     37.6250       0.0000       0.0000
     37.8750       0.0000       0.0000
     38.1250       0.0000       0.0000
     38.3750       0.0000       0.0000
     38.6250       0.0000       0.0000
     38.8750       0.0000       0.0000
     39.1250       0.0000       0.0000
     39.3750       0.0000       0.0000
     39.6250       0.0000       0.0000
     39.8750       0.0000       0.0000
     40.1250       0.0000       0.0000
     40.3750       0.0000       0.0000
     40.6250       0.0000       0.0000
     40.8750       0.0000       0.0000
     41.1250       0.0000       0.0000
