#Z                :PC|:OL  sd(:PC|:OL)
    -39.3750       0.0000       0.0000
    -39.1250       0.0000       0.0000
    -38.8750       0.0000       0.0000
    -38.6250       0.0000       0.0000
    -38.3750       0.0000       0.0000
    -38.1250       0.0000       0.0000
    -37.8750       0.0000       0.0000
    -37.6250       0.0000       0.0000
    -37.3750       0.0000       0.0000
    -37.1250       0.0000       0.0000
    -36.8750       0.0000       0.0000
    -36.6250       0.0000       0.0000
    -36.3750       0.0000       0.0000
    -36.1250       0.0000       0.0000
    -35.8750       0.0000       0.0000
    -35.6250       0.0000       0.0000
    -35.3750       0.0000       0.0000
    -35.1250       0.0000       0.0000
    -34.8750       0.0000       0.0001
    -34.6250       0.0000       0.0001
    -34.3750       0.0001       0.0001
    -34.1250       0.0001       0.0001
    -33.8750       0.0001       0.0001
    -33.6250       0.0001       0.0001
    -33.3750       0.0002       0.0001
    -33.1250       0.0002       0.0002
    -32.8750       0.0003       0.0002
    -32.6250       0.0003       0.0002
    -32.3750       0.0004       0.0002
    -32.1250       0.0006       0.0003
    -31.8750       0.0007       0.0004
    -31.6250       0.0009       0.0004
    -31.3750       0.0012       0.0005
    -31.1250       0.0015       0.0005
    -30.8750       0.0018       0.0006
    -30.6250       0.0022       0.0007
    -30.3750       0.0028       0.0008
    -30.1250       0.0034       0.0009
    -29.8750       0.0041       0.0010
    -29.6250       0.0049       0.0011
    -29.3750       0.0058       0.0012
    -29.1250       0.0070       0.0014
    -28.8750       0.0082       0.0015
    -28.6250       0.0096       0.0017
    -28.3750       0.0114       0.0018
    -28.1250       0.0134       0.0020
    -27.8750       0.0155       0.0022
    -27.6250       0.0180       0.0023
    -27.3750       0.0207       0.0025
    -27.1250       0.0237       0.0026
    -26.8750       0.0272       0.0028
    -26.6250       0.0309       0.0030
    -26.3750       0.0350       0.0031
    -26.1250       0.0394       0.0032
    -25.8750       0.0443       0.0034
    -25.6250       0.0495       0.0035
    -25.3750       0.0551       0.0036
    -25.1250       0.0613       0.0037
    -24.8750       0.0674       0.0038
    -24.6250       0.0742       0.0039
    -24.3750       0.0813       0.0038
    -24.1250       0.0888       0.0039
    -23.8750       0.0966       0.0040
    -23.6250       0.1045       0.0040
    -23.3750       0.1128       0.0040
    -23.1250       0.1210       0.0041
    -22.8750       0.1296       0.0041
    -22.6250       0.1381       0.0042
    -22.3750       0.1470       0.0043
    -22.1250       0.1551       0.0045
    -21.8750       0.1633       0.0046
    -21.6250       0.1717       0.0047
    -21.3750       0.1795       0.0050
    -21.1250       0.1872       0.0052
    -20.8750       0.1946       0.0054
    -20.6250       0.2012       0.0055
    -20.3750       0.2079       0.0056
    -20.1250       0.2141       0.0058
    -19.8750       0.2196       0.0058
    -19.6250       0.2243       0.0058
    -19.3750       0.2285       0.0059
    -19.1250       0.2331       0.0059
    -18.8750       0.2359       0.0059
    -18.6250       0.2394       0.0059
    -18.3750       0.2421       0.0058
    -18.1250       0.2436       0.0059
    -17.8750       0.2443       0.0058
    -17.6250       0.2458       0.0058
    -17.3750       0.2462       0.0057
    -17.1250       0.2460       0.0057
    -16.8750       0.2456       0.0057
    -16.6250       0.2442       0.0056
    -16.3750       0.2429       0.0055
    -16.1250       0.2414       0.0055
    -15.8750       0.2387       0.0053
    -15.6250       0.2369       0.0053
    -15.3750       0.2336       0.0052
    -15.1250       0.2311       0.0049
    -14.8750       0.2275       0.0049
    -14.6250       0.2236       0.0048
    -14.3750       0.2203       0.0047
    -14.1250       0.2158       0.0046
    -13.8750       0.2121       0.0045
    -13.6250       0.2080       0.0044
    -13.3750       0.2033       0.0044
    -13.1250       0.1988       0.0043
    -12.8750       0.1952       0.0042
    -12.6250       0.1905       0.0040
    -12.3750       0.1867       0.0041
    -12.1250       0.1824       0.0041
    -11.8750       0.1787       0.0040
    -11.6250       0.1752       0.0040
    -11.3750       0.1719       0.0040
    -11.1250       0.1683       0.0039
    -10.8750       0.1653       0.0038
    -10.6250       0.1623       0.0038
    -10.3750       0.1600       0.0037
    -10.1250       0.1573       0.0036
     -9.8750       0.1553       0.0036
     -9.6250       0.1533       0.0035
     -9.3750       0.1512       0.0034
     -9.1250       0.1495       0.0034
     -8.8750       0.1482       0.0034
     -8.6250       0.1468       0.0033
     -8.3750       0.1455       0.0032
     -8.1250       0.1444       0.0032
     -7.8750       0.1433       0.0032
     -7.6250       0.1427       0.0031
     -7.3750       0.1419       0.0032
     -7.1250       0.1408       0.0032
     -6.8750       0.1400       0.0031
     -6.6250       0.1393       0.0031
     -6.3750       0.1385       0.0030
     -6.1250       0.1374       0.0030
     -5.8750       0.1366       0.0031
     -5.6250       0.1357       0.0031
     -5.3750       0.1352       0.0031
     -5.1250       0.1345       0.0030
     -4.8750       0.1336       0.0030
     -4.6250       0.1327       0.0030
     -4.3750       0.1315       0.0030
     -4.1250       0.1310       0.0030
     -3.8750       0.1300       0.0030
     -3.6250       0.1285       0.0029
     -3.3750       0.1278       0.0029
     -3.1250       0.1271       0.0029
     -2.8750       0.1256       0.0030
     -2.6250       0.1247       0.0029
     -2.3750       0.1238       0.0030
     -2.1250       0.1224       0.0029
     -1.8750       0.1216       0.0029
     -1.6250       0.1205       0.0029
     -1.3750       0.1197       0.0029
     -1.1250       0.1190       0.0029
     -0.8750       0.1182       0.0029
     -0.6250       0.1178       0.0029
     -0.3750       0.1172       0.0029
     -0.1250       0.1169       0.0029
      0.1250       0.1169       0.0029
      0.3750       0.1167       0.0029
      0.6250       0.1166       0.0029
      0.8750       0.1170       0.0029
      1.1250       0.1175       0.0029
      1.3750       0.1178       0.0029
      1.6250       0.1183       0.0029
      1.8750       0.1192       0.0029
      2.1250       0.1201       0.0029
      2.3750       0.1208       0.0029
      2.6250       0.1217       0.0029
      2.8750       0.1223       0.0029
      3.1250       0.1235       0.0029
      3.3750       0.1245       0.0029
      3.6250       0.1255       0.0029
      3.8750       0.1264       0.0029
      4.1250       0.1273       0.0030
      4.3750       0.1283       0.0029
      4.6250       0.1297       0.0030
      4.8750       0.1305       0.0030
      5.1250       0.1313       0.0030
      5.3750       0.1320       0.0030
      5.6250       0.1326       0.0030
      5.8750       0.1337       0.0030
      6.1250       0.1343       0.0031
      6.3750       0.1349       0.0030
      6.6250       0.1355       0.0030
      6.8750       0.1361       0.0030
      7.1250       0.1369       0.0031
      7.3750       0.1376       0.0031
      7.6250       0.1381       0.0030
      7.8750       0.1390       0.0031
      8.1250       0.1397       0.0031
      8.3750       0.1407       0.0031
      8.6250       0.1415       0.0032
      8.8750       0.1425       0.0032
      9.1250       0.1433       0.0033
      9.3750       0.1449       0.0034
      9.6250       0.1459       0.0034
      9.8750       0.1478       0.0035
     10.1250       0.1496       0.0035
     10.3750       0.1512       0.0036
     10.6250       0.1530       0.0037
     10.8750       0.1557       0.0037
     11.1250       0.1579       0.0038
     11.3750       0.1608       0.0038
     11.6250       0.1636       0.0039
     11.8750       0.1667       0.0039
     12.1250       0.1704       0.0039
     12.3750       0.1737       0.0039
     12.6250       0.1775       0.0040
     12.8750       0.1812       0.0040
     13.1250       0.1851       0.0040
     13.3750       0.1889       0.0041
     13.6250       0.1931       0.0042
     13.8750       0.1971       0.0043
     14.1250       0.2005       0.0043
     14.3750       0.2050       0.0043
     14.6250       0.2090       0.0045
     14.8750       0.2129       0.0047
     15.1250       0.2160       0.0047
     15.3750       0.2199       0.0049
     15.6250       0.2235       0.0050
     15.8750       0.2262       0.0051
     16.1250       0.2283       0.0051
     16.3750       0.2313       0.0053
     16.6250       0.2336       0.0054
     16.8750       0.2351       0.0054
     17.1250       0.2364       0.0055
     17.3750       0.2369       0.0056
     17.6250       0.2380       0.0056
     17.8750       0.2376       0.0057
     18.1250       0.2369       0.0058
     18.3750       0.2363       0.0058
     18.6250       0.2344       0.0058
     18.8750       0.2328       0.0059
     19.1250       0.2305       0.0059
     19.3750       0.2273       0.0059
     19.6250       0.2240       0.0059
     19.8750       0.2204       0.0059
     20.1250       0.2154       0.0059
     20.3750       0.2107       0.0058
     20.6250       0.2051       0.0055
     20.8750       0.1990       0.0055
     21.1250       0.1933       0.0054
     21.3750       0.1866       0.0052
     21.6250       0.1798       0.0050
     21.8750       0.1720       0.0048
     22.1250       0.1645       0.0047
     22.3750       0.1567       0.0044
     22.6250       0.1483       0.0043
     22.8750       0.1406       0.0041
     23.1250       0.1325       0.0041
     23.3750       0.1242       0.0040
     23.6250       0.1160       0.0039
     23.8750       0.1079       0.0039
     24.1250       0.1001       0.0039
     24.3750       0.0922       0.0039
     24.6250       0.0849       0.0038
     24.8750       0.0776       0.0039
     25.1250       0.0708       0.0038
     25.3750       0.0643       0.0038
     25.6250       0.0581       0.0036
     25.8750       0.0523       0.0035
     26.1250       0.0470       0.0034
     26.3750       0.0420       0.0033
     26.6250       0.0374       0.0032
     26.8750       0.0331       0.0031
     27.1250       0.0291       0.0029
     27.3750       0.0254       0.0027
     27.6250       0.0222       0.0025
     27.8750       0.0195       0.0024
     28.1250       0.0167       0.0022
     28.3750       0.0144       0.0020
     28.6250       0.0124       0.0019
     28.8750       0.0106       0.0018
     29.1250       0.0090       0.0016
     29.3750       0.0076       0.0015
     29.6250       0.0064       0.0013
     29.8750       0.0054       0.0012
     30.1250       0.0044       0.0011
     30.3750       0.0037       0.0010
     30.6250       0.0030       0.0008
     30.8750       0.0025       0.0008
     31.1250       0.0021       0.0007
     31.3750       0.0017       0.0006
     31.6250       0.0014       0.0005
     31.8750       0.0011       0.0005
     32.1250       0.0009       0.0004
     32.3750       0.0007       0.0004
     32.6250       0.0006       0.0003
     32.8750       0.0005       0.0003
     33.1250       0.0004       0.0002
     33.3750       0.0003       0.0002
     33.6250       0.0002       0.0002
     33.8750       0.0002       0.0002
     34.1250       0.0002       0.0001
     34.3750       0.0001       0.0001
     34.6250       0.0001       0.0001
     34.8750       0.0001       0.0001
     35.1250       0.0001       0.0001
     35.3750       0.0000       0.0001
     35.6250       0.0000       0.0001
     35.8750       0.0000       0.0000
     36.1250       0.0000       0.0000
     36.3750       0.0000       0.0000
     36.6250       0.0000       0.0000
     36.8750       0.0000       0.0000
     37.1250       0.0000       0.0000
     37.3750       0.0000       0.0000
     37.6250       0.0000       0.0000
     37.8750       0.0000       0.0000
     38.1250       0.0000       0.0000
     38.3750       0.0000       0.0000
     38.6250       0.0000       0.0000
     38.8750       0.0000       0.0000
     39.1250       0.0000       0.0000
     39.3750       0.0000       0.0000
     39.6250       0.0000       0.0000
     39.8750       0.0000       0.0000
     40.1250       0.0000       0.0000
     40.3750       0.0000       0.0000
     40.6250       0.0000       0.0000
