#Z                :PC|:OL  sd(:PC|:OL)
    -40.1250       0.0000       0.0000
    -39.8750       0.0000       0.0000
    -39.6250       0.0000       0.0000
    -39.3750       0.0000       0.0000
    -39.1250       0.0000       0.0000
    -38.8750       0.0000       0.0000
    -38.6250       0.0000       0.0000
    -38.3750       0.0000       0.0000
    -38.1250       0.0000       0.0000
    -37.8750       0.0000       0.0000
    -37.6250       0.0000       0.0000
    -37.3750       0.0000       0.0000
    -37.1250       0.0000       0.0000
    -36.8750       0.0000       0.0000
    -36.6250       0.0000       0.0000
    -36.3750       0.0000       0.0000
    -36.1250       0.0000       0.0000
    -35.8750       0.0000       0.0000
    -35.6250       0.0000       0.0000
    -35.3750       0.0000       0.0001
    -35.1250       0.0000       0.0001
    -34.8750       0.0001       0.0001
    -34.6250       0.0001       0.0001
    -34.3750       0.0001       0.0001
    -34.1250       0.0001       0.0001
    -33.8750       0.0001       0.0001
    -33.6250       0.0002       0.0002
    -33.3750       0.0003       0.0002
    -33.1250       0.0003       0.0002
    -32.8750       0.0004       0.0002
    -32.6250       0.0005       0.0003
    -32.3750       0.0006       0.0003
    -32.1250       0.0008       0.0004
    -31.8750       0.0010       0.0004
    -31.6250       0.0012       0.0005
    -31.3750       0.0015       0.0006
    -31.1250       0.0019       0.0006
    -30.8750       0.0023       0.0007
    -30.6250       0.0028       0.0008
    -30.3750       0.0034       0.0009
    -30.1250       0.0041       0.0010
    -29.8750       0.0049       0.0011
    -29.6250       0.0060       0.0013
    -29.3750       0.0070       0.0014
    -29.1250       0.0083       0.0016
    -28.8750       0.0097       0.0017
    -28.6250       0.0115       0.0019
    -28.3750       0.0133       0.0021
    -28.1250       0.0154       0.0022
    -27.8750       0.0179       0.0024
    -27.6250       0.0205       0.0026
    -27.3750       0.0236       0.0027
    -27.1250       0.0266       0.0029
    -26.8750       0.0302       0.0031
    -26.6250       0.0343       0.0032
    -26.3750       0.0387       0.0034
    -26.1250       0.0431       0.0035
    -25.8750       0.0482       0.0036
    -25.6250       0.0534       0.0037
    -25.3750       0.0591       0.0037
    -25.1250       0.0653       0.0038
    -24.8750       0.0719       0.0039
    -24.6250       0.0784       0.0040
    -24.3750       0.0850       0.0039
    -24.1250       0.0924       0.0040
    -23.8750       0.0997       0.0040
    -23.6250       0.1071       0.0040
    -23.3750       0.1153       0.0040
    -23.1250       0.1232       0.0042
    -22.8750       0.1308       0.0041
    -22.6250       0.1390       0.0043
    -22.3750       0.1466       0.0044
    -22.1250       0.1549       0.0045
    -21.8750       0.1630       0.0046
    -21.6250       0.1703       0.0048
    -21.3750       0.1782       0.0050
    -21.1250       0.1855       0.0051
    -20.8750       0.1922       0.0053
    -20.6250       0.1994       0.0054
    -20.3750       0.2052       0.0055
    -20.1250       0.2113       0.0058
    -19.8750       0.2166       0.0057
    -19.6250       0.2209       0.0058
    -19.3750       0.2256       0.0059
    -19.1250       0.2296       0.0059
    -18.8750       0.2329       0.0061
    -18.6250       0.2358       0.0060
    -18.3750       0.2383       0.0060
    -18.1250       0.2400       0.0059
    -17.8750       0.2415       0.0060
    -17.6250       0.2423       0.0058
    -17.3750       0.2428       0.0059
    -17.1250       0.2428       0.0058
    -16.8750       0.2424       0.0056
    -16.6250       0.2419       0.0056
    -16.3750       0.2403       0.0056
    -16.1250       0.2385       0.0054
    -15.8750       0.2369       0.0053
    -15.6250       0.2340       0.0052
    -15.3750       0.2318       0.0051
    -15.1250       0.2285       0.0050
    -14.8750       0.2261       0.0050
    -14.6250       0.2221       0.0049
    -14.3750       0.2185       0.0048
    -14.1250       0.2153       0.0047
    -13.8750       0.2109       0.0045
    -13.6250       0.2070       0.0045
    -13.3750       0.2029       0.0044
    -13.1250       0.1990       0.0043
    -12.8750       0.1950       0.0043
    -12.6250       0.1912       0.0041
    -12.3750       0.1871       0.0042
    -12.1250       0.1831       0.0041
    -11.8750       0.1798       0.0041
    -11.6250       0.1760       0.0039
    -11.3750       0.1724       0.0040
    -11.1250       0.1693       0.0039
    -10.8750       0.1664       0.0039
    -10.6250       0.1637       0.0038
    -10.3750       0.1608       0.0037
    -10.1250       0.1584       0.0037
     -9.8750       0.1560       0.0037
     -9.6250       0.1541       0.0036
     -9.3750       0.1521       0.0035
     -9.1250       0.1505       0.0035
     -8.8750       0.1484       0.0034
     -8.6250       0.1472       0.0033
     -8.3750       0.1459       0.0033
     -8.1250       0.1445       0.0032
     -7.8750       0.1438       0.0032
     -7.6250       0.1424       0.0031
     -7.3750       0.1416       0.0031
     -7.1250       0.1410       0.0031
     -6.8750       0.1402       0.0031
     -6.6250       0.1392       0.0031
     -6.3750       0.1383       0.0031
     -6.1250       0.1377       0.0031
     -5.8750       0.1368       0.0030
     -5.6250       0.1360       0.0030
     -5.3750       0.1354       0.0030
     -5.1250       0.1345       0.0030
     -4.8750       0.1336       0.0031
     -4.6250       0.1328       0.0030
     -4.3750       0.1316       0.0030
     -4.1250       0.1308       0.0030
     -3.8750       0.1297       0.0030
     -3.6250       0.1287       0.0030
     -3.3750       0.1273       0.0029
     -3.1250       0.1263       0.0030
     -2.8750       0.1253       0.0030
     -2.6250       0.1245       0.0029
     -2.3750       0.1233       0.0029
     -2.1250       0.1221       0.0029
     -1.8750       0.1216       0.0029
     -1.6250       0.1205       0.0029
     -1.3750       0.1199       0.0029
     -1.1250       0.1190       0.0029
     -0.8750       0.1180       0.0029
     -0.6250       0.1179       0.0029
     -0.3750       0.1175       0.0028
     -0.1250       0.1172       0.0029
      0.1250       0.1170       0.0030
      0.3750       0.1172       0.0029
      0.6250       0.1169       0.0029
      0.8750       0.1172       0.0030
      1.1250       0.1173       0.0029
      1.3750       0.1178       0.0029
      1.6250       0.1180       0.0029
      1.8750       0.1189       0.0029
      2.1250       0.1195       0.0029
      2.3750       0.1201       0.0029
      2.6250       0.1207       0.0029
      2.8750       0.1217       0.0029
      3.1250       0.1226       0.0029
      3.3750       0.1237       0.0030
      3.6250       0.1242       0.0029
      3.8750       0.1252       0.0029
      4.1250       0.1261       0.0029
      4.3750       0.1266       0.0030
      4.6250       0.1278       0.0030
      4.8750       0.1287       0.0030
      5.1250       0.1294       0.0030
      5.3750       0.1305       0.0030
      5.6250       0.1310       0.0030
      5.8750       0.1316       0.0030
      6.1250       0.1326       0.0030
      6.3750       0.1330       0.0030
      6.6250       0.1341       0.0031
      6.8750       0.1346       0.0030
      7.1250       0.1354       0.0030
      7.3750       0.1362       0.0031
      7.6250       0.1366       0.0031
      7.8750       0.1378       0.0031
      8.1250       0.1386       0.0031
      8.3750       0.1393       0.0031
      8.6250       0.1402       0.0032
      8.8750       0.1412       0.0032
      9.1250       0.1423       0.0032
      9.3750       0.1440       0.0033
      9.6250       0.1453       0.0033
      9.8750       0.1471       0.0034
     10.1250       0.1485       0.0035
     10.3750       0.1509       0.0035
     10.6250       0.1529       0.0036
     10.8750       0.1550       0.0036
     11.1250       0.1575       0.0037
     11.3750       0.1602       0.0038
     11.6250       0.1633       0.0038
     11.8750       0.1665       0.0039
     12.1250       0.1698       0.0039
     12.3750       0.1736       0.0040
     12.6250       0.1767       0.0040
     12.8750       0.1808       0.0041
     13.1250       0.1850       0.0042
     13.3750       0.1889       0.0041
     13.6250       0.1923       0.0042
     13.8750       0.1964       0.0043
     14.1250       0.2007       0.0044
     14.3750       0.2044       0.0044
     14.6250       0.2087       0.0045
     14.8750       0.2116       0.0047
     15.1250       0.2153       0.0047
     15.3750       0.2188       0.0048
     15.6250       0.2216       0.0050
     15.8750       0.2249       0.0050
     16.1250       0.2270       0.0051
     16.3750       0.2295       0.0053
     16.6250       0.2314       0.0053
     16.8750       0.2329       0.0055
     17.1250       0.2338       0.0054
     17.3750       0.2345       0.0055
     17.6250       0.2349       0.0056
     17.8750       0.2352       0.0056
     18.1250       0.2346       0.0058
     18.3750       0.2333       0.0057
     18.6250       0.2319       0.0058
     18.8750       0.2303       0.0056
     19.1250       0.2285       0.0058
     19.3750       0.2250       0.0058
     19.6250       0.2224       0.0057
     19.8750       0.2186       0.0057
     20.1250       0.2139       0.0057
     20.3750       0.2094       0.0057
     20.6250       0.2039       0.0055
     20.8750       0.1978       0.0055
     21.1250       0.1921       0.0052
     21.3750       0.1858       0.0052
     21.6250       0.1789       0.0050
     21.8750       0.1721       0.0049
     22.1250       0.1647       0.0048
     22.3750       0.1572       0.0046
     22.6250       0.1494       0.0045
     22.8750       0.1418       0.0045
     23.1250       0.1338       0.0043
     23.3750       0.1263       0.0043
     23.6250       0.1185       0.0042
     23.8750       0.1112       0.0041
     24.1250       0.1033       0.0041
     24.3750       0.0955       0.0039
     24.6250       0.0883       0.0040
     24.8750       0.0813       0.0040
     25.1250       0.0745       0.0039
     25.3750       0.0680       0.0038
     25.6250       0.0620       0.0038
     25.8750       0.0562       0.0037
     26.1250       0.0506       0.0036
     26.3750       0.0454       0.0034
     26.6250       0.0407       0.0033
     26.8750       0.0364       0.0032
     27.1250       0.0322       0.0031
     27.3750       0.0283       0.0029
     27.6250       0.0250       0.0028
     27.8750       0.0219       0.0026
     28.1250       0.0192       0.0024
     28.3750       0.0166       0.0023
     28.6250       0.0142       0.0021
     28.8750       0.0122       0.0019
     29.1250       0.0105       0.0018
     29.3750       0.0089       0.0016
     29.6250       0.0074       0.0014
     29.8750       0.0063       0.0013
     30.1250       0.0053       0.0012
     30.3750       0.0044       0.0010
     30.6250       0.0036       0.0009
     30.8750       0.0030       0.0008
     31.1250       0.0025       0.0007
     31.3750       0.0020       0.0006
     31.6250       0.0016       0.0006
     31.8750       0.0013       0.0005
     32.1250       0.0011       0.0004
     32.3750       0.0008       0.0004
     32.6250       0.0006       0.0003
     32.8750       0.0005       0.0003
     33.1250       0.0004       0.0002
     33.3750       0.0003       0.0002
     33.6250       0.0002       0.0002
     33.8750       0.0002       0.0001
     34.1250       0.0001       0.0001
     34.3750       0.0001       0.0001
     34.6250       0.0001       0.0001
     34.8750       0.0000       0.0001
     35.1250       0.0000       0.0001
     35.3750       0.0000       0.0001
     35.6250       0.0000       0.0001
     35.8750       0.0000       0.0000
     36.1250       0.0000       0.0000
     36.3750       0.0000       0.0000
     36.6250       0.0000       0.0000
     36.8750       0.0000       0.0000
     37.1250       0.0000       0.0000
     37.3750       0.0000       0.0000
     37.6250       0.0000       0.0000
     37.8750       0.0000       0.0000
     38.1250       0.0000       0.0000
     38.3750       0.0000       0.0000
     38.6250       0.0000       0.0000
     38.8750       0.0000       0.0000
     39.1250       0.0000       0.0000
     39.3750       0.0000       0.0000
