#Z                :PC|:OL  sd(:PC|:OL)
    -42.1250       0.0000       0.0000
    -41.8750       0.0000       0.0000
    -41.6250       0.0000       0.0000
    -41.3750       0.0000       0.0000
    -41.1250       0.0000       0.0000
    -40.8750       0.0000       0.0000
    -40.6250       0.0000       0.0000
    -40.3750       0.0000       0.0000
    -40.1250       0.0000       0.0000
    -39.8750       0.0000       0.0000
    -39.6250       0.0000       0.0000
    -39.3750       0.0000       0.0000
    -39.1250       0.0000       0.0000
    -38.8750       0.0000       0.0000
    -38.6250       0.0000       0.0000
    -38.3750       0.0000       0.0000
    -38.1250       0.0000       0.0000
    -37.8750       0.0000       0.0000
    -37.6250       0.0000       0.0000
    -37.3750       0.0000       0.0000
    -37.1250       0.0000       0.0000
    -36.8750       0.0000       0.0000
    -36.6250       0.0000       0.0000
    -36.3750       0.0000       0.0000
    -36.1250       0.0000       0.0000
    -35.8750       0.0000       0.0000
    -35.6250       0.0000       0.0000
    -35.3750       0.0000       0.0001
    -35.1250       0.0000       0.0001
    -34.8750       0.0000       0.0001
    -34.6250       0.0000       0.0001
    -34.3750       0.0000       0.0001
    -34.1250       0.0001       0.0001
    -33.8750       0.0001       0.0001
    -33.6250       0.0001       0.0001
    -33.3750       0.0001       0.0002
    -33.1250       0.0002       0.0002
    -32.8750       0.0002       0.0002
    -32.6250       0.0003       0.0002
    -32.3750       0.0004       0.0002
    -32.1250       0.0005       0.0003
    -31.8750       0.0006       0.0003
    -31.6250       0.0008       0.0004
    -31.3750       0.0009       0.0004
    -31.1250       0.0012       0.0005
    -30.8750       0.0015       0.0006
    -30.6250       0.0019       0.0006
    -30.3750       0.0024       0.0007
    -30.1250       0.0029       0.0008
    -29.8750       0.0036       0.0009
    -29.6250       0.0044       0.0010
    -29.3750       0.0053       0.0011
    -29.1250       0.0064       0.0012
    -28.8750       0.0076       0.0013
    -28.6250       0.0091       0.0015
    -28.3750       0.0107       0.0016
    -28.1250       0.0127       0.0018
    -27.8750       0.0147       0.0019
    -27.6250       0.0175       0.0021
    -27.3750       0.0201       0.0022
    -27.1250       0.0230       0.0024
    -26.8750       0.0266       0.0026
    -26.6250       0.0305       0.0028
    -26.3750       0.0345       0.0029
    -26.1250       0.0389       0.0030
    -25.8750       0.0437       0.0031
    -25.6250       0.0490       0.0033
    -25.3750       0.0550       0.0034
    -25.1250       0.0612       0.0035
    -24.8750       0.0673       0.0036
    -24.6250       0.0744       0.0036
    -24.3750       0.0814       0.0037
    -24.1250       0.0888       0.0038
    -23.8750       0.0967       0.0038
    -23.6250       0.1050       0.0039
    -23.3750       0.1133       0.0039
    -23.1250       0.1217       0.0040
    -22.8750       0.1309       0.0042
    -22.6250       0.1387       0.0042
    -22.3750       0.1472       0.0043
    -22.1250       0.1555       0.0045
    -21.8750       0.1644       0.0046
    -21.6250       0.1720       0.0047
    -21.3750       0.1798       0.0049
    -21.1250       0.1876       0.0051
    -20.8750       0.1946       0.0051
    -20.6250       0.2011       0.0054
    -20.3750       0.2076       0.0055
    -20.1250       0.2133       0.0055
    -19.8750       0.2187       0.0056
    -19.6250       0.2228       0.0057
    -19.3750       0.2275       0.0057
    -19.1250       0.2307       0.0057
    -18.8750       0.2343       0.0057
    -18.6250       0.2369       0.0058
    -18.3750       0.2391       0.0058
    -18.1250       0.2409       0.0057
    -17.8750       0.2420       0.0058
    -17.6250       0.2431       0.0056
    -17.3750       0.2437       0.0057
    -17.1250       0.2430       0.0056
    -16.8750       0.2432       0.0056
    -16.6250       0.2425       0.0055
    -16.3750       0.2409       0.0055
    -16.1250       0.2389       0.0054
    -15.8750       0.2374       0.0053
    -15.6250       0.2350       0.0052
    -15.3750       0.2325       0.0051
    -15.1250       0.2293       0.0050
    -14.8750       0.2254       0.0049
    -14.6250       0.2223       0.0048
    -14.3750       0.2184       0.0048
    -14.1250       0.2144       0.0046
    -13.8750       0.2102       0.0045
    -13.6250       0.2060       0.0044
    -13.3750       0.2023       0.0043
    -13.1250       0.1976       0.0043
    -12.8750       0.1932       0.0041
    -12.6250       0.1887       0.0040
    -12.3750       0.1851       0.0041
    -12.1250       0.1816       0.0040
    -11.8750       0.1779       0.0039
    -11.6250       0.1739       0.0039
    -11.3750       0.1712       0.0039
    -11.1250       0.1678       0.0038
    -10.8750       0.1646       0.0038
    -10.6250       0.1621       0.0036
    -10.3750       0.1597       0.0037
    -10.1250       0.1575       0.0036
     -9.8750       0.1556       0.0035
     -9.6250       0.1535       0.0035
     -9.3750       0.1519       0.0034
     -9.1250       0.1506       0.0033
     -8.8750       0.1488       0.0033
     -8.6250       0.1477       0.0034
     -8.3750       0.1464       0.0033
     -8.1250       0.1451       0.0032
     -7.8750       0.1443       0.0032
     -7.6250       0.1435       0.0032
     -7.3750       0.1421       0.0031
     -7.1250       0.1410       0.0031
     -6.8750       0.1402       0.0031
     -6.6250       0.1391       0.0030
     -6.3750       0.1386       0.0031
     -6.1250       0.1372       0.0031
     -5.8750       0.1367       0.0030
     -5.6250       0.1360       0.0031
     -5.3750       0.1345       0.0030
     -5.1250       0.1340       0.0031
     -4.8750       0.1331       0.0030
     -4.6250       0.1321       0.0030
     -4.3750       0.1312       0.0030
     -4.1250       0.1301       0.0030
     -3.8750       0.1290       0.0030
     -3.6250       0.1279       0.0029
     -3.3750       0.1266       0.0030
     -3.1250       0.1257       0.0029
     -2.8750       0.1243       0.0029
     -2.6250       0.1234       0.0029
     -2.3750       0.1220       0.0029
     -2.1250       0.1214       0.0028
     -1.8750       0.1204       0.0029
     -1.6250       0.1195       0.0029
     -1.3750       0.1183       0.0028
     -1.1250       0.1180       0.0029
     -0.8750       0.1174       0.0029
     -0.6250       0.1171       0.0029
     -0.3750       0.1165       0.0029
     -0.1250       0.1166       0.0028
      0.1250       0.1163       0.0029
      0.3750       0.1165       0.0029
      0.6250       0.1169       0.0028
      0.8750       0.1168       0.0028
      1.1250       0.1174       0.0029
      1.3750       0.1179       0.0028
      1.6250       0.1185       0.0029
      1.8750       0.1193       0.0029
      2.1250       0.1201       0.0029
      2.3750       0.1213       0.0029
      2.6250       0.1221       0.0029
      2.8750       0.1230       0.0030
      3.1250       0.1242       0.0029
      3.3750       0.1253       0.0029
      3.6250       0.1262       0.0029
      3.8750       0.1271       0.0029
      4.1250       0.1285       0.0029
      4.3750       0.1291       0.0029
      4.6250       0.1303       0.0029
      4.8750       0.1310       0.0030
      5.1250       0.1317       0.0030
      5.3750       0.1325       0.0030
      5.6250       0.1335       0.0029
      5.8750       0.1341       0.0030
      6.1250       0.1348       0.0030
      6.3750       0.1357       0.0030
      6.6250       0.1364       0.0030
      6.8750       0.1368       0.0030
      7.1250       0.1374       0.0030
      7.3750       0.1378       0.0032
      7.6250       0.1385       0.0030
      7.8750       0.1396       0.0031
      8.1250       0.1398       0.0031
      8.3750       0.1404       0.0031
      8.6250       0.1415       0.0032
      8.8750       0.1424       0.0032
      9.1250       0.1434       0.0033
      9.3750       0.1445       0.0034
      9.6250       0.1462       0.0033
      9.8750       0.1475       0.0034
     10.1250       0.1496       0.0035
     10.3750       0.1513       0.0036
     10.6250       0.1533       0.0036
     10.8750       0.1555       0.0036
     11.1250       0.1585       0.0037
     11.3750       0.1610       0.0038
     11.6250       0.1642       0.0038
     11.8750       0.1671       0.0039
     12.1250       0.1715       0.0039
     12.3750       0.1752       0.0040
     12.6250       0.1786       0.0040
     12.8750       0.1826       0.0041
     13.1250       0.1870       0.0041
     13.3750       0.1910       0.0042
     13.6250       0.1952       0.0041
     13.8750       0.1993       0.0043
     14.1250       0.2036       0.0044
     14.3750       0.2073       0.0044
     14.6250       0.2113       0.0045
     14.8750       0.2152       0.0046
     15.1250       0.2184       0.0047
     15.3750       0.2219       0.0048
     15.6250       0.2246       0.0048
     15.8750       0.2281       0.0050
     16.1250       0.2307       0.0050
     16.3750       0.2332       0.0051
     16.6250       0.2358       0.0052
     16.8750       0.2369       0.0054
     17.1250       0.2389       0.0054
     17.3750       0.2393       0.0055
     17.6250       0.2397       0.0057
     17.8750       0.2396       0.0056
     18.1250       0.2392       0.0055
     18.3750       0.2376       0.0056
     18.6250       0.2362       0.0058
     18.8750       0.2345       0.0058
     19.1250       0.2313       0.0057
     19.3750       0.2277       0.0059
     19.6250       0.2243       0.0058
     19.8750       0.2194       0.0057
     20.1250       0.2146       0.0056
     20.3750       0.2095       0.0056
     20.6250       0.2038       0.0055
     20.8750       0.1974       0.0053
     21.1250       0.1915       0.0053
     21.3750       0.1850       0.0050
     21.6250       0.1776       0.0049
     21.8750       0.1692       0.0047
     22.1250       0.1618       0.0046
     22.3750       0.1536       0.0045
     22.6250       0.1454       0.0042
     22.8750       0.1371       0.0042
     23.1250       0.1288       0.0040
     23.3750       0.1203       0.0039
     23.6250       0.1121       0.0038
     23.8750       0.1035       0.0037
     24.1250       0.0960       0.0036
     24.3750       0.0881       0.0036
     24.6250       0.0809       0.0035
     24.8750       0.0745       0.0034
     25.1250       0.0675       0.0033
     25.3750       0.0612       0.0032
     25.6250       0.0552       0.0031
     25.8750       0.0498       0.0031
     26.1250       0.0446       0.0030
     26.3750       0.0395       0.0029
     26.6250       0.0353       0.0028
     26.8750       0.0310       0.0027
     27.1250       0.0273       0.0025
     27.3750       0.0242       0.0024
     27.6250       0.0210       0.0023
     27.8750       0.0182       0.0021
     28.1250       0.0157       0.0020
     28.3750       0.0135       0.0018
     28.6250       0.0116       0.0017
     28.8750       0.0099       0.0016
     29.1250       0.0083       0.0014
     29.3750       0.0071       0.0013
     29.6250       0.0059       0.0012
     29.8750       0.0050       0.0011
     30.1250       0.0041       0.0010
     30.3750       0.0034       0.0009
     30.6250       0.0029       0.0008
     30.8750       0.0023       0.0007
     31.1250       0.0019       0.0006
     31.3750       0.0015       0.0005
     31.6250       0.0012       0.0005
     31.8750       0.0010       0.0004
     32.1250       0.0008       0.0003
     32.3750       0.0006       0.0003
     32.6250       0.0004       0.0002
     32.8750       0.0003       0.0002
     33.1250       0.0003       0.0002
     33.3750       0.0002       0.0002
     33.6250       0.0001       0.0001
     33.8750       0.0001       0.0001
     34.1250       0.0001       0.0001
     34.3750       0.0001       0.0001
     34.6250       0.0000       0.0001
     34.8750       0.0000       0.0001
     35.1250       0.0000       0.0000
     35.3750       0.0000       0.0000
     35.6250       0.0000       0.0000
     35.8750       0.0000       0.0000
     36.1250       0.0000       0.0000
     36.3750       0.0000       0.0000
     36.6250       0.0000       0.0000
     36.8750       0.0000       0.0000
     37.1250       0.0000       0.0000
     37.3750       0.0000       0.0000
     37.6250       0.0000       0.0000
     37.8750       0.0000       0.0000
     38.1250       0.0000       0.0000
     38.3750       0.0000       0.0000
     38.6250       0.0000       0.0000
     38.8750       0.0000       0.0000
     39.1250       0.0000       0.0000
     39.3750       0.0000       0.0000
     39.6250       0.0000       0.0000
     39.8750       0.0000       0.0000
     40.1250       0.0000       0.0000
