#Z                :PC|:OL  sd(:PC|:OL)
    -38.3750       0.0000       0.0000
    -38.1250       0.0000       0.0000
    -37.8750       0.0000       0.0000
    -37.6250       0.0000       0.0000
    -37.3750       0.0000       0.0000
    -37.1250       0.0000       0.0000
    -36.8750       0.0000       0.0000
    -36.6250       0.0000       0.0000
    -36.3750       0.0000       0.0000
    -36.1250       0.0000       0.0000
    -35.8750       0.0000       0.0000
    -35.6250       0.0000       0.0000
    -35.3750       0.0000       0.0000
    -35.1250       0.0000       0.0000
    -34.8750       0.0000       0.0000
    -34.6250       0.0000       0.0000
    -34.3750       0.0000       0.0000
    -34.1250       0.0000       0.0001
    -33.8750       0.0000       0.0001
    -33.6250       0.0001       0.0001
    -33.3750       0.0001       0.0001
    -33.1250       0.0001       0.0001
    -32.8750       0.0002       0.0001
    -32.6250       0.0002       0.0002
    -32.3750       0.0003       0.0002
    -32.1250       0.0004       0.0002
    -31.8750       0.0005       0.0003
    -31.6250       0.0006       0.0003
    -31.3750       0.0008       0.0003
    -31.1250       0.0011       0.0004
    -30.8750       0.0013       0.0005
    -30.6250       0.0017       0.0005
    -30.3750       0.0022       0.0006
    -30.1250       0.0027       0.0007
    -29.8750       0.0033       0.0008
    -29.6250       0.0041       0.0008
    -29.3750       0.0050       0.0009
    -29.1250       0.0060       0.0011
    -28.8750       0.0072       0.0012
    -28.6250       0.0087       0.0013
    -28.3750       0.0103       0.0014
    -28.1250       0.0121       0.0016
    -27.8750       0.0144       0.0017
    -27.6250       0.0167       0.0019
    -27.3750       0.0195       0.0020
    -27.1250       0.0227       0.0022
    -26.8750       0.0260       0.0023
    -26.6250       0.0300       0.0025
    -26.3750       0.0340       0.0027
    -26.1250       0.0387       0.0028
    -25.8750       0.0436       0.0029
    -25.6250       0.0491       0.0031
    -25.3750       0.0548       0.0032
    -25.1250       0.0611       0.0034
    -24.8750       0.0676       0.0035
    -24.6250       0.0750       0.0036
    -24.3750       0.0826       0.0037
    -24.1250       0.0902       0.0038
    -23.8750       0.0984       0.0040
    -23.6250       0.1067       0.0041
    -23.3750       0.1157       0.0041
    -23.1250       0.1240       0.0042
    -22.8750       0.1326       0.0042
    -22.6250       0.1414       0.0044
    -22.3750       0.1503       0.0044
    -22.1250       0.1590       0.0046
    -21.8750       0.1676       0.0047
    -21.6250       0.1764       0.0047
    -21.3750       0.1839       0.0049
    -21.1250       0.1922       0.0050
    -20.8750       0.1990       0.0050
    -20.6250       0.2059       0.0052
    -20.3750       0.2120       0.0054
    -20.1250       0.2177       0.0053
    -19.8750       0.2232       0.0054
    -19.6250       0.2277       0.0054
    -19.3750       0.2318       0.0055
    -19.1250       0.2352       0.0054
    -18.8750       0.2384       0.0055
    -18.6250       0.2411       0.0056
    -18.3750       0.2430       0.0056
    -18.1250       0.2449       0.0055
    -17.8750       0.2461       0.0056
    -17.6250       0.2463       0.0055
    -17.3750       0.2474       0.0054
    -17.1250       0.2469       0.0053
    -16.8750       0.2465       0.0054
    -16.6250       0.2456       0.0054
    -16.3750       0.2441       0.0053
    -16.1250       0.2421       0.0052
    -15.8750       0.2398       0.0052
    -15.6250       0.2372       0.0051
    -15.3750       0.2348       0.0050
    -15.1250       0.2312       0.0050
    -14.8750       0.2274       0.0050
    -14.6250       0.2233       0.0048
    -14.3750       0.2192       0.0048
    -14.1250       0.2150       0.0047
    -13.8750       0.2107       0.0046
    -13.6250       0.2058       0.0044
    -13.3750       0.2017       0.0043
    -13.1250       0.1973       0.0043
    -12.8750       0.1929       0.0041
    -12.6250       0.1885       0.0040
    -12.3750       0.1845       0.0040
    -12.1250       0.1802       0.0040
    -11.8750       0.1767       0.0039
    -11.6250       0.1727       0.0037
    -11.3750       0.1695       0.0038
    -11.1250       0.1660       0.0037
    -10.8750       0.1634       0.0037
    -10.6250       0.1605       0.0036
    -10.3750       0.1578       0.0036
    -10.1250       0.1560       0.0035
     -9.8750       0.1535       0.0035
     -9.6250       0.1520       0.0034
     -9.3750       0.1501       0.0034
     -9.1250       0.1490       0.0033
     -8.8750       0.1474       0.0032
     -8.6250       0.1461       0.0033
     -8.3750       0.1451       0.0033
     -8.1250       0.1438       0.0032
     -7.8750       0.1431       0.0031
     -7.6250       0.1425       0.0031
     -7.3750       0.1411       0.0031
     -7.1250       0.1407       0.0031
     -6.8750       0.1399       0.0030
     -6.6250       0.1388       0.0030
     -6.3750       0.1382       0.0031
     -6.1250       0.1376       0.0031
     -5.8750       0.1366       0.0031
     -5.6250       0.1360       0.0031
     -5.3750       0.1351       0.0030
     -5.1250       0.1343       0.0030
     -4.8750       0.1336       0.0031
     -4.6250       0.1323       0.0030
     -4.3750       0.1315       0.0030
     -4.1250       0.1302       0.0030
     -3.8750       0.1292       0.0029
     -3.6250       0.1283       0.0030
     -3.3750       0.1273       0.0029
     -3.1250       0.1261       0.0029
     -2.8750       0.1251       0.0029
     -2.6250       0.1236       0.0029
     -2.3750       0.1227       0.0029
     -2.1250       0.1217       0.0029
     -1.8750       0.1205       0.0028
     -1.6250       0.1200       0.0029
     -1.3750       0.1190       0.0029
     -1.1250       0.1181       0.0029
     -0.8750       0.1176       0.0029
     -0.6250       0.1169       0.0029
     -0.3750       0.1164       0.0028
     -0.1250       0.1161       0.0029
      0.1250       0.1157       0.0029
      0.3750       0.1160       0.0028
      0.6250       0.1159       0.0029
      0.8750       0.1160       0.0029
      1.1250       0.1166       0.0029
      1.3750       0.1173       0.0029
      1.6250       0.1178       0.0029
      1.8750       0.1185       0.0029
      2.1250       0.1191       0.0028
      2.3750       0.1204       0.0029
      2.6250       0.1210       0.0029
      2.8750       0.1224       0.0029
      3.1250       0.1230       0.0029
      3.3750       0.1242       0.0029
      3.6250       0.1254       0.0030
      3.8750       0.1260       0.0030
      4.1250       0.1273       0.0029
      4.3750       0.1276       0.0030
      4.6250       0.1288       0.0029
      4.8750       0.1298       0.0030
      5.1250       0.1306       0.0030
      5.3750       0.1310       0.0030
      5.6250       0.1320       0.0030
      5.8750       0.1326       0.0030
      6.1250       0.1336       0.0030
      6.3750       0.1338       0.0030
      6.6250       0.1344       0.0030
      6.8750       0.1348       0.0030
      7.1250       0.1356       0.0031
      7.3750       0.1363       0.0030
      7.6250       0.1368       0.0030
      7.8750       0.1376       0.0030
      8.1250       0.1380       0.0031
      8.3750       0.1389       0.0031
      8.6250       0.1398       0.0031
      8.8750       0.1406       0.0032
      9.1250       0.1414       0.0031
      9.3750       0.1426       0.0032
      9.6250       0.1436       0.0033
      9.8750       0.1452       0.0033
     10.1250       0.1470       0.0034
     10.3750       0.1486       0.0034
     10.6250       0.1506       0.0034
     10.8750       0.1530       0.0035
     11.1250       0.1555       0.0036
     11.3750       0.1585       0.0036
     11.6250       0.1614       0.0037
     11.8750       0.1652       0.0038
     12.1250       0.1692       0.0039
     12.3750       0.1719       0.0039
     12.6250       0.1762       0.0040
     12.8750       0.1805       0.0040
     13.1250       0.1849       0.0042
     13.3750       0.1892       0.0041
     13.6250       0.1939       0.0041
     13.8750       0.1982       0.0043
     14.1250       0.2018       0.0044
     14.3750       0.2069       0.0044
     14.6250       0.2108       0.0046
     14.8750       0.2146       0.0046
     15.1250       0.2181       0.0046
     15.3750       0.2221       0.0048
     15.6250       0.2253       0.0048
     15.8750       0.2284       0.0048
     16.1250       0.2315       0.0050
     16.3750       0.2335       0.0050
     16.6250       0.2357       0.0049
     16.8750       0.2379       0.0050
     17.1250       0.2388       0.0051
     17.3750       0.2401       0.0052
     17.6250       0.2408       0.0053
     17.8750       0.2412       0.0053
     18.1250       0.2405       0.0054
     18.3750       0.2400       0.0055
     18.6250       0.2384       0.0055
     18.8750       0.2370       0.0055
     19.1250       0.2348       0.0056
     19.3750       0.2319       0.0056
     19.6250       0.2283       0.0056
     19.8750       0.2247       0.0056
     20.1250       0.2201       0.0055
     20.3750       0.2143       0.0055
     20.6250       0.2093       0.0054
     20.8750       0.2025       0.0053
     21.1250       0.1964       0.0053
     21.3750       0.1891       0.0052
     21.6250       0.1814       0.0050
     21.8750       0.1736       0.0048
     22.1250       0.1653       0.0047
     22.3750       0.1567       0.0045
     22.6250       0.1480       0.0044
     22.8750       0.1395       0.0042
     23.1250       0.1315       0.0041
     23.3750       0.1225       0.0039
     23.6250       0.1140       0.0039
     23.8750       0.1060       0.0038
     24.1250       0.0979       0.0036
     24.3750       0.0902       0.0036
     24.6250       0.0824       0.0035
     24.8750       0.0756       0.0035
     25.1250       0.0688       0.0034
     25.3750       0.0624       0.0033
     25.6250       0.0565       0.0032
     25.8750       0.0510       0.0032
     26.1250       0.0456       0.0030
     26.3750       0.0409       0.0030
     26.6250       0.0365       0.0029
     26.8750       0.0322       0.0028
     27.1250       0.0288       0.0026
     27.3750       0.0252       0.0025
     27.6250       0.0221       0.0024
     27.8750       0.0193       0.0023
     28.1250       0.0170       0.0022
     28.3750       0.0147       0.0020
     28.6250       0.0127       0.0019
     28.8750       0.0109       0.0018
     29.1250       0.0094       0.0016
     29.3750       0.0080       0.0015
     29.6250       0.0068       0.0014
     29.8750       0.0057       0.0012
     30.1250       0.0049       0.0012
     30.3750       0.0041       0.0010
     30.6250       0.0035       0.0009
     30.8750       0.0029       0.0009
     31.1250       0.0024       0.0008
     31.3750       0.0020       0.0007
     31.6250       0.0016       0.0006
     31.8750       0.0013       0.0005
     32.1250       0.0011       0.0005
     32.3750       0.0009       0.0004
     32.6250       0.0007       0.0004
     32.8750       0.0006       0.0003
     33.1250       0.0005       0.0003
     33.3750       0.0004       0.0002
     33.6250       0.0003       0.0002
     33.8750       0.0002       0.0002
     34.1250       0.0002       0.0002
     34.3750       0.0001       0.0001
     34.6250       0.0001       0.0001
     34.8750       0.0001       0.0001
     35.1250       0.0001       0.0001
     35.3750       0.0000       0.0001
     35.6250       0.0000       0.0001
     35.8750       0.0000       0.0001
     36.1250       0.0000       0.0001
     36.3750       0.0000       0.0000
     36.6250       0.0000       0.0000
     36.8750       0.0000       0.0000
     37.1250       0.0000       0.0000
     37.3750       0.0000       0.0000
     37.6250       0.0000       0.0000
     37.8750       0.0000       0.0000
     38.1250       0.0000       0.0000
     38.3750       0.0000       0.0000
     38.6250       0.0000       0.0000
     38.8750       0.0000       0.0000
     39.1250       0.0000       0.0000
     39.3750       0.0000       0.0000
     39.6250       0.0000       0.0000
     39.8750       0.0000       0.0000
     40.1250       0.0000       0.0000
     40.3750       0.0000       0.0000
     40.6250       0.0000       0.0000
     40.8750       0.0000       0.0000
     41.1250       0.0000       0.0000
