#Z                :PC|:OL  sd(:PC|:OL)
    -38.8750       0.0000       0.0000
    -38.6250       0.0000       0.0000
    -38.3750       0.0000       0.0000
    -38.1250       0.0000       0.0000
    -37.8750       0.0000       0.0000
    -37.6250       0.0000       0.0000
    -37.3750       0.0000       0.0000
    -37.1250       0.0000       0.0000
    -36.8750       0.0000       0.0000
    -36.6250       0.0000       0.0000
    -36.3750       0.0000       0.0000
    -36.1250       0.0000       0.0000
    -35.8750       0.0000       0.0000
    -35.6250       0.0000       0.0000
    -35.3750       0.0000       0.0000
    -35.1250       0.0000       0.0000
    -34.8750       0.0000       0.0000
    -34.6250       0.0000       0.0000
    -34.3750       0.0000       0.0000
    -34.1250       0.0000       0.0001
    -33.8750       0.0000       0.0001
    -33.6250       0.0001       0.0001
    -33.3750       0.0001       0.0001
    -33.1250       0.0001       0.0001
    -32.8750       0.0002       0.0001
    -32.6250       0.0002       0.0002
    -32.3750       0.0003       0.0002
    -32.1250       0.0004       0.0002
    -31.8750       0.0005       0.0003
    -31.6250       0.0007       0.0003
    -31.3750       0.0008       0.0004
    -31.1250       0.0011       0.0004
    -30.8750       0.0014       0.0005
    -30.6250       0.0018       0.0005
    -30.3750       0.0022       0.0006
    -30.1250       0.0028       0.0007
    -29.8750       0.0034       0.0008
    -29.6250       0.0042       0.0009
    -29.3750       0.0051       0.0010
    -29.1250       0.0062       0.0011
    -28.8750       0.0074       0.0012
    -28.6250       0.0089       0.0014
    -28.3750       0.0106       0.0016
    -28.1250       0.0125       0.0017
    -27.8750       0.0147       0.0019
    -27.6250       0.0170       0.0020
    -27.3750       0.0199       0.0022
    -27.1250       0.0231       0.0023
    -26.8750       0.0263       0.0025
    -26.6250       0.0303       0.0027
    -26.3750       0.0344       0.0028
    -26.1250       0.0392       0.0029
    -25.8750       0.0443       0.0031
    -25.6250       0.0496       0.0032
    -25.3750       0.0552       0.0033
    -25.1250       0.0614       0.0034
    -24.8750       0.0683       0.0036
    -24.6250       0.0754       0.0037
    -24.3750       0.0825       0.0037
    -24.1250       0.0902       0.0038
    -23.8750       0.0981       0.0039
    -23.6250       0.1065       0.0040
    -23.3750       0.1150       0.0040
    -23.1250       0.1235       0.0042
    -22.8750       0.1321       0.0042
    -22.6250       0.1404       0.0042
    -22.3750       0.1494       0.0044
    -22.1250       0.1572       0.0045
    -21.8750       0.1659       0.0046
    -21.6250       0.1733       0.0047
    -21.3750       0.1815       0.0049
    -21.1250       0.1890       0.0050
    -20.8750       0.1960       0.0051
    -20.6250       0.2030       0.0052
    -20.3750       0.2086       0.0053
    -20.1250       0.2151       0.0054
    -19.8750       0.2202       0.0055
    -19.6250       0.2252       0.0056
    -19.3750       0.2296       0.0057
    -19.1250       0.2339       0.0056
    -18.8750       0.2379       0.0057
    -18.6250       0.2396       0.0057
    -18.3750       0.2426       0.0056
    -18.1250       0.2447       0.0057
    -17.8750       0.2455       0.0056
    -17.6250       0.2466       0.0056
    -17.3750       0.2463       0.0054
    -17.1250       0.2466       0.0055
    -16.8750       0.2459       0.0054
    -16.6250       0.2450       0.0053
    -16.3750       0.2437       0.0053
    -16.1250       0.2413       0.0053
    -15.8750       0.2393       0.0051
    -15.6250       0.2366       0.0051
    -15.3750       0.2341       0.0050
    -15.1250       0.2307       0.0049
    -14.8750       0.2274       0.0049
    -14.6250       0.2236       0.0048
    -14.3750       0.2202       0.0047
    -14.1250       0.2165       0.0047
    -13.8750       0.2121       0.0046
    -13.6250       0.2079       0.0045
    -13.3750       0.2033       0.0044
    -13.1250       0.1993       0.0043
    -12.8750       0.1954       0.0041
    -12.6250       0.1903       0.0041
    -12.3750       0.1865       0.0040
    -12.1250       0.1823       0.0040
    -11.8750       0.1784       0.0039
    -11.6250       0.1750       0.0039
    -11.3750       0.1716       0.0038
    -11.1250       0.1680       0.0038
    -10.8750       0.1649       0.0037
    -10.6250       0.1621       0.0037
    -10.3750       0.1595       0.0037
    -10.1250       0.1570       0.0036
     -9.8750       0.1549       0.0036
     -9.6250       0.1528       0.0035
     -9.3750       0.1509       0.0034
     -9.1250       0.1494       0.0034
     -8.8750       0.1480       0.0033
     -8.6250       0.1459       0.0033
     -8.3750       0.1447       0.0032
     -8.1250       0.1440       0.0032
     -7.8750       0.1428       0.0032
     -7.6250       0.1417       0.0031
     -7.3750       0.1408       0.0032
     -7.1250       0.1401       0.0031
     -6.8750       0.1391       0.0031
     -6.6250       0.1388       0.0031
     -6.3750       0.1375       0.0030
     -6.1250       0.1369       0.0030
     -5.8750       0.1362       0.0031
     -5.6250       0.1356       0.0030
     -5.3750       0.1347       0.0030
     -5.1250       0.1340       0.0030
     -4.8750       0.1325       0.0030
     -4.6250       0.1325       0.0030
     -4.3750       0.1313       0.0030
     -4.1250       0.1303       0.0030
     -3.8750       0.1294       0.0030
     -3.6250       0.1284       0.0030
     -3.3750       0.1273       0.0029
     -3.1250       0.1264       0.0029
     -2.8750       0.1252       0.0029
     -2.6250       0.1243       0.0029
     -2.3750       0.1232       0.0029
     -2.1250       0.1222       0.0028
     -1.8750       0.1214       0.0029
     -1.6250       0.1206       0.0029
     -1.3750       0.1199       0.0028
     -1.1250       0.1192       0.0029
     -0.8750       0.1187       0.0029
     -0.6250       0.1179       0.0029
     -0.3750       0.1176       0.0029
     -0.1250       0.1176       0.0029
      0.1250       0.1170       0.0029
      0.3750       0.1170       0.0029
      0.6250       0.1171       0.0029
      0.8750       0.1173       0.0029
      1.1250       0.1177       0.0029
      1.3750       0.1181       0.0029
      1.6250       0.1187       0.0029
      1.8750       0.1192       0.0029
      2.1250       0.1201       0.0029
      2.3750       0.1207       0.0029
      2.6250       0.1215       0.0029
      2.8750       0.1224       0.0029
      3.1250       0.1235       0.0029
      3.3750       0.1240       0.0029
      3.6250       0.1253       0.0029
      3.8750       0.1259       0.0029
      4.1250       0.1270       0.0029
      4.3750       0.1281       0.0029
      4.6250       0.1291       0.0030
      4.8750       0.1300       0.0029
      5.1250       0.1306       0.0030
      5.3750       0.1319       0.0030
      5.6250       0.1326       0.0030
      5.8750       0.1332       0.0030
      6.1250       0.1341       0.0030
      6.3750       0.1348       0.0030
      6.6250       0.1354       0.0031
      6.8750       0.1360       0.0030
      7.1250       0.1368       0.0030
      7.3750       0.1373       0.0031
      7.6250       0.1378       0.0031
      7.8750       0.1385       0.0031
      8.1250       0.1394       0.0031
      8.3750       0.1402       0.0031
      8.6250       0.1411       0.0032
      8.8750       0.1417       0.0032
      9.1250       0.1428       0.0032
      9.3750       0.1441       0.0033
      9.6250       0.1455       0.0033
      9.8750       0.1471       0.0034
     10.1250       0.1489       0.0034
     10.3750       0.1502       0.0035
     10.6250       0.1523       0.0036
     10.8750       0.1550       0.0036
     11.1250       0.1573       0.0037
     11.3750       0.1601       0.0037
     11.6250       0.1628       0.0038
     11.8750       0.1662       0.0038
     12.1250       0.1695       0.0038
     12.3750       0.1732       0.0039
     12.6250       0.1772       0.0040
     12.8750       0.1807       0.0040
     13.1250       0.1851       0.0041
     13.3750       0.1892       0.0041
     13.6250       0.1934       0.0043
     13.8750       0.1977       0.0043
     14.1250       0.2019       0.0043
     14.3750       0.2060       0.0045
     14.6250       0.2097       0.0046
     14.8750       0.2137       0.0047
     15.1250       0.2174       0.0046
     15.3750       0.2216       0.0047
     15.6250       0.2246       0.0048
     15.8750       0.2277       0.0049
     16.1250       0.2296       0.0049
     16.3750       0.2320       0.0050
     16.6250       0.2340       0.0051
     16.8750       0.2353       0.0051
     17.1250       0.2367       0.0052
     17.3750       0.2375       0.0053
     17.6250       0.2381       0.0053
     17.8750       0.2380       0.0054
     18.1250       0.2378       0.0054
     18.3750       0.2364       0.0056
     18.6250       0.2351       0.0056
     18.8750       0.2334       0.0055
     19.1250       0.2313       0.0056
     19.3750       0.2288       0.0057
     19.6250       0.2249       0.0056
     19.8750       0.2209       0.0057
     20.1250       0.2169       0.0056
     20.3750       0.2118       0.0055
     20.6250       0.2064       0.0053
     20.8750       0.1998       0.0054
     21.1250       0.1933       0.0052
     21.3750       0.1870       0.0051
     21.6250       0.1792       0.0049
     21.8750       0.1715       0.0048
     22.1250       0.1641       0.0047
     22.3750       0.1558       0.0045
     22.6250       0.1480       0.0044
     22.8750       0.1398       0.0043
     23.1250       0.1316       0.0041
     23.3750       0.1234       0.0040
     23.6250       0.1156       0.0039
     23.8750       0.1073       0.0038
     24.1250       0.0996       0.0038
     24.3750       0.0923       0.0037
     24.6250       0.0852       0.0036
     24.8750       0.0780       0.0036
     25.1250       0.0712       0.0035
     25.3750       0.0649       0.0034
     25.6250       0.0587       0.0033
     25.8750       0.0531       0.0033
     26.1250       0.0478       0.0032
     26.3750       0.0427       0.0031
     26.6250       0.0377       0.0029
     26.8750       0.0336       0.0028
     27.1250       0.0299       0.0027
     27.3750       0.0261       0.0026
     27.6250       0.0229       0.0024
     27.8750       0.0200       0.0022
     28.1250       0.0174       0.0021
     28.3750       0.0150       0.0020
     28.6250       0.0128       0.0018
     28.8750       0.0110       0.0017
     29.1250       0.0094       0.0015
     29.3750       0.0079       0.0014
     29.6250       0.0068       0.0013
     29.8750       0.0056       0.0011
     30.1250       0.0047       0.0010
     30.3750       0.0038       0.0009
     30.6250       0.0032       0.0008
     30.8750       0.0026       0.0007
     31.1250       0.0021       0.0006
     31.3750       0.0017       0.0006
     31.6250       0.0014       0.0005
     31.8750       0.0011       0.0004
     32.1250       0.0009       0.0004
     32.3750       0.0007       0.0003
     32.6250       0.0005       0.0003
     32.8750       0.0004       0.0002
     33.1250       0.0003       0.0002
     33.3750       0.0003       0.0002
     33.6250       0.0002       0.0002
     33.8750       0.0001       0.0001
     34.1250       0.0001       0.0001
     34.3750       0.0001       0.0001
     34.6250       0.0001       0.0001
     34.8750       0.0000       0.0001
     35.1250       0.0000       0.0001
     35.3750       0.0000       0.0001
     35.6250       0.0000       0.0000
     35.8750       0.0000       0.0000
     36.1250       0.0000       0.0000
     36.3750       0.0000       0.0000
     36.6250       0.0000       0.0000
     36.8750       0.0000       0.0000
     37.1250       0.0000       0.0000
     37.3750       0.0000       0.0000
     37.6250       0.0000       0.0000
     37.8750       0.0000       0.0000
     38.1250       0.0000       0.0000
     38.3750       0.0000       0.0000
     38.6250       0.0000       0.0000
     38.8750       0.0000       0.0000
     39.1250       0.0000       0.0000
     39.3750       0.0000       0.0000
