#Z                :PC|:OL  sd(:PC|:OL)
    -40.3750       0.0000       0.0000
    -40.1250       0.0000       0.0000
    -39.8750       0.0000       0.0000
    -39.6250       0.0000       0.0000
    -39.3750       0.0000       0.0000
    -39.1250       0.0000       0.0000
    -38.8750       0.0000       0.0000
    -38.6250       0.0000       0.0000
    -38.3750       0.0000       0.0000
    -38.1250       0.0000       0.0000
    -37.8750       0.0000       0.0000
    -37.6250       0.0000       0.0000
    -37.3750       0.0000       0.0000
    -37.1250       0.0000       0.0000
    -36.8750       0.0000       0.0000
    -36.6250       0.0000       0.0000
    -36.3750       0.0000       0.0000
    -36.1250       0.0000       0.0000
    -35.8750       0.0000       0.0000
    -35.6250       0.0000       0.0000
    -35.3750       0.0000       0.0000
    -35.1250       0.0000       0.0001
    -34.8750       0.0000       0.0001
    -34.6250       0.0000       0.0001
    -34.3750       0.0001       0.0001
    -34.1250       0.0001       0.0001
    -33.8750       0.0001       0.0001
    -33.6250       0.0001       0.0001
    -33.3750       0.0002       0.0001
    -33.1250       0.0002       0.0002
    -32.8750       0.0003       0.0002
    -32.6250       0.0004       0.0002
    -32.3750       0.0005       0.0003
    -32.1250       0.0006       0.0003
    -31.8750       0.0008       0.0003
    -31.6250       0.0010       0.0004
    -31.3750       0.0013       0.0005
    -31.1250       0.0016       0.0005
    -30.8750       0.0020       0.0006
    -30.6250       0.0025       0.0007
    -30.3750       0.0031       0.0008
    -30.1250       0.0037       0.0009
    -29.8750       0.0046       0.0010
    -29.6250       0.0054       0.0011
    -29.3750       0.0066       0.0012
    -29.1250       0.0078       0.0013
    -28.8750       0.0092       0.0015
    -28.6250       0.0108       0.0016
    -28.3750       0.0128       0.0018
    -28.1250       0.0148       0.0019
    -27.8750       0.0172       0.0021
    -27.6250       0.0199       0.0022
    -27.3750       0.0228       0.0024
    -27.1250       0.0262       0.0026
    -26.8750       0.0298       0.0027
    -26.6250       0.0338       0.0028
    -26.3750       0.0381       0.0030
    -26.1250       0.0429       0.0032
    -25.8750       0.0479       0.0033
    -25.6250       0.0535       0.0034
    -25.3750       0.0594       0.0035
    -25.1250       0.0653       0.0037
    -24.8750       0.0720       0.0038
    -24.6250       0.0788       0.0038
    -24.3750       0.0861       0.0039
    -24.1250       0.0934       0.0040
    -23.8750       0.1011       0.0041
    -23.6250       0.1091       0.0040
    -23.3750       0.1171       0.0041
    -23.1250       0.1251       0.0042
    -22.8750       0.1335       0.0042
    -22.6250       0.1415       0.0043
    -22.3750       0.1498       0.0044
    -22.1250       0.1578       0.0046
    -21.8750       0.1656       0.0046
    -21.6250       0.1733       0.0048
    -21.3750       0.1808       0.0049
    -21.1250       0.1879       0.0051
    -20.8750       0.1948       0.0052
    -20.6250       0.2008       0.0052
    -20.3750       0.2075       0.0054
    -20.1250       0.2124       0.0055
    -19.8750       0.2179       0.0055
    -19.6250       0.2225       0.0057
    -19.3750       0.2265       0.0057
    -19.1250       0.2302       0.0057
    -18.8750       0.2336       0.0058
    -18.6250       0.2360       0.0057
    -18.3750       0.2387       0.0058
    -18.1250       0.2403       0.0058
    -17.8750       0.2422       0.0058
    -17.6250       0.2425       0.0058
    -17.3750       0.2430       0.0057
    -17.1250       0.2430       0.0056
    -16.8750       0.2420       0.0056
    -16.6250       0.2417       0.0056
    -16.3750       0.2399       0.0055
    -16.1250       0.2378       0.0054
    -15.8750       0.2357       0.0053
    -15.6250       0.2331       0.0052
    -15.3750       0.2303       0.0051
    -15.1250       0.2273       0.0050
    -14.8750       0.2243       0.0050
    -14.6250       0.2200       0.0048
    -14.3750       0.2165       0.0047
    -14.1250       0.2128       0.0046
    -13.8750       0.2086       0.0045
    -13.6250       0.2049       0.0045
    -13.3750       0.2007       0.0044
    -13.1250       0.1967       0.0043
    -12.8750       0.1930       0.0042
    -12.6250       0.1893       0.0041
    -12.3750       0.1849       0.0041
    -12.1250       0.1814       0.0040
    -11.8750       0.1777       0.0039
    -11.6250       0.1742       0.0038
    -11.3750       0.1710       0.0038
    -11.1250       0.1680       0.0038
    -10.8750       0.1650       0.0038
    -10.6250       0.1622       0.0037
    -10.3750       0.1598       0.0037
    -10.1250       0.1573       0.0036
     -9.8750       0.1554       0.0036
     -9.6250       0.1537       0.0034
     -9.3750       0.1520       0.0035
     -9.1250       0.1501       0.0034
     -8.8750       0.1489       0.0034
     -8.6250       0.1478       0.0033
     -8.3750       0.1463       0.0033
     -8.1250       0.1450       0.0033
     -7.8750       0.1439       0.0032
     -7.6250       0.1431       0.0031
     -7.3750       0.1418       0.0031
     -7.1250       0.1413       0.0032
     -6.8750       0.1400       0.0031
     -6.6250       0.1393       0.0031
     -6.3750       0.1385       0.0030
     -6.1250       0.1378       0.0031
     -5.8750       0.1370       0.0030
     -5.6250       0.1357       0.0030
     -5.3750       0.1346       0.0030
     -5.1250       0.1340       0.0030
     -4.8750       0.1329       0.0030
     -4.6250       0.1319       0.0030
     -4.3750       0.1310       0.0030
     -4.1250       0.1300       0.0030
     -3.8750       0.1288       0.0030
     -3.6250       0.1277       0.0029
     -3.3750       0.1267       0.0029
     -3.1250       0.1257       0.0029
     -2.8750       0.1245       0.0029
     -2.6250       0.1234       0.0029
     -2.3750       0.1226       0.0029
     -2.1250       0.1219       0.0029
     -1.8750       0.1208       0.0029
     -1.6250       0.1200       0.0029
     -1.3750       0.1195       0.0029
     -1.1250       0.1187       0.0029
     -0.8750       0.1180       0.0029
     -0.6250       0.1178       0.0029
     -0.3750       0.1174       0.0029
     -0.1250       0.1173       0.0029
      0.1250       0.1170       0.0029
      0.3750       0.1170       0.0029
      0.6250       0.1174       0.0029
      0.8750       0.1172       0.0029
      1.1250       0.1176       0.0029
      1.3750       0.1180       0.0029
      1.6250       0.1187       0.0029
      1.8750       0.1193       0.0029
      2.1250       0.1201       0.0029
      2.3750       0.1208       0.0029
      2.6250       0.1215       0.0029
      2.8750       0.1220       0.0029
      3.1250       0.1232       0.0029
      3.3750       0.1242       0.0029
      3.6250       0.1252       0.0029
      3.8750       0.1260       0.0029
      4.1250       0.1270       0.0030
      4.3750       0.1277       0.0030
      4.6250       0.1288       0.0030
      4.8750       0.1299       0.0030
      5.1250       0.1308       0.0030
      5.3750       0.1314       0.0030
      5.6250       0.1324       0.0030
      5.8750       0.1331       0.0030
      6.1250       0.1339       0.0030
      6.3750       0.1348       0.0030
      6.6250       0.1352       0.0030
      6.8750       0.1361       0.0030
      7.1250       0.1369       0.0031
      7.3750       0.1372       0.0031
      7.6250       0.1380       0.0031
      7.8750       0.1388       0.0031
      8.1250       0.1396       0.0031
      8.3750       0.1403       0.0031
      8.6250       0.1412       0.0032
      8.8750       0.1420       0.0032
      9.1250       0.1432       0.0033
      9.3750       0.1444       0.0033
      9.6250       0.1459       0.0034
      9.8750       0.1477       0.0034
     10.1250       0.1495       0.0035
     10.3750       0.1516       0.0035
     10.6250       0.1534       0.0036
     10.8750       0.1559       0.0036
     11.1250       0.1586       0.0037
     11.3750       0.1614       0.0038
     11.6250       0.1645       0.0038
     11.8750       0.1679       0.0039
     12.1250       0.1712       0.0039
     12.3750       0.1751       0.0039
     12.6250       0.1787       0.0040
     12.8750       0.1825       0.0040
     13.1250       0.1865       0.0041
     13.3750       0.1906       0.0042
     13.6250       0.1944       0.0042
     13.8750       0.1990       0.0043
     14.1250       0.2028       0.0043
     14.3750       0.2067       0.0045
     14.6250       0.2106       0.0045
     14.8750       0.2142       0.0046
     15.1250       0.2172       0.0047
     15.3750       0.2207       0.0048
     15.6250       0.2237       0.0049
     15.8750       0.2266       0.0050
     16.1250       0.2291       0.0050
     16.3750       0.2313       0.0051
     16.6250       0.2331       0.0052
     16.8750       0.2348       0.0052
     17.1250       0.2358       0.0052
     17.3750       0.2370       0.0054
     17.6250       0.2377       0.0055
     17.8750       0.2375       0.0055
     18.1250       0.2369       0.0055
     18.3750       0.2363       0.0056
     18.6250       0.2344       0.0057
     18.8750       0.2326       0.0057
     19.1250       0.2296       0.0057
     19.3750       0.2266       0.0057
     19.6250       0.2231       0.0057
     19.8750       0.2186       0.0057
     20.1250       0.2138       0.0055
     20.3750       0.2091       0.0055
     20.6250       0.2033       0.0054
     20.8750       0.1972       0.0053
     21.1250       0.1910       0.0052
     21.3750       0.1838       0.0051
     21.6250       0.1771       0.0050
     21.8750       0.1701       0.0049
     22.1250       0.1623       0.0047
     22.3750       0.1547       0.0045
     22.6250       0.1472       0.0045
     22.8750       0.1391       0.0042
     23.1250       0.1313       0.0042
     23.3750       0.1235       0.0041
     23.6250       0.1157       0.0039
     23.8750       0.1079       0.0039
     24.1250       0.1004       0.0039
     24.3750       0.0929       0.0037
     24.6250       0.0859       0.0036
     24.8750       0.0789       0.0035
     25.1250       0.0721       0.0035
     25.3750       0.0658       0.0035
     25.6250       0.0600       0.0034
     25.8750       0.0542       0.0033
     26.1250       0.0491       0.0032
     26.3750       0.0439       0.0031
     26.6250       0.0396       0.0030
     26.8750       0.0353       0.0030
     27.1250       0.0313       0.0028
     27.3750       0.0278       0.0027
     27.6250       0.0245       0.0026
     27.8750       0.0215       0.0025
     28.1250       0.0188       0.0023
     28.3750       0.0165       0.0022
     28.6250       0.0143       0.0020
     28.8750       0.0123       0.0019
     29.1250       0.0107       0.0017
     29.3750       0.0091       0.0016
     29.6250       0.0078       0.0014
     29.8750       0.0065       0.0013
     30.1250       0.0056       0.0012
     30.3750       0.0047       0.0011
     30.6250       0.0039       0.0010
     30.8750       0.0033       0.0009
     31.1250       0.0027       0.0008
     31.3750       0.0022       0.0007
     31.6250       0.0019       0.0006
     31.8750       0.0015       0.0006
     32.1250       0.0012       0.0005
     32.3750       0.0010       0.0004
     32.6250       0.0008       0.0004
     32.8750       0.0006       0.0003
     33.1250       0.0005       0.0003
     33.3750       0.0004       0.0002
     33.6250       0.0003       0.0002
     33.8750       0.0002       0.0002
     34.1250       0.0002       0.0002
     34.3750       0.0002       0.0001
     34.6250       0.0001       0.0001
     34.8750       0.0001       0.0001
     35.1250       0.0001       0.0001
     35.3750       0.0000       0.0001
     35.6250       0.0000       0.0001
     35.8750       0.0000       0.0001
     36.1250       0.0000       0.0000
     36.3750       0.0000       0.0000
     36.6250       0.0000       0.0000
     36.8750       0.0000       0.0000
     37.1250       0.0000       0.0000
     37.3750       0.0000       0.0000
     37.6250       0.0000       0.0000
     37.8750       0.0000       0.0000
     38.1250       0.0000       0.0000
     38.3750       0.0000       0.0000
     38.6250       0.0000       0.0000
     38.8750       0.0000       0.0000
     39.1250       0.0000       0.0000
     39.3750       0.0000       0.0000
     39.6250       0.0000       0.0000
     39.8750       0.0000       0.0000
