#Z                :PC|:OL  sd(:PC|:OL)
    -38.1250       0.0000       0.0000
    -37.8750       0.0000       0.0000
    -37.6250       0.0000       0.0000
    -37.3750       0.0000       0.0000
    -37.1250       0.0000       0.0000
    -36.8750       0.0000       0.0000
    -36.6250       0.0000       0.0000
    -36.3750       0.0000       0.0000
    -36.1250       0.0000       0.0000
    -35.8750       0.0000       0.0000
    -35.6250       0.0000       0.0000
    -35.3750       0.0000       0.0000
    -35.1250       0.0000       0.0000
    -34.8750       0.0000       0.0000
    -34.6250       0.0000       0.0000
    -34.3750       0.0000       0.0000
    -34.1250       0.0000       0.0001
    -33.8750       0.0000       0.0001
    -33.6250       0.0001       0.0001
    -33.3750       0.0001       0.0001
    -33.1250       0.0001       0.0001
    -32.8750       0.0002       0.0001
    -32.6250       0.0002       0.0002
    -32.3750       0.0003       0.0002
    -32.1250       0.0004       0.0002
    -31.8750       0.0006       0.0003
    -31.6250       0.0007       0.0003
    -31.3750       0.0009       0.0004
    -31.1250       0.0012       0.0004
    -30.8750       0.0015       0.0005
    -30.6250       0.0019       0.0005
    -30.3750       0.0024       0.0006
    -30.1250       0.0029       0.0007
    -29.8750       0.0037       0.0008
    -29.6250       0.0044       0.0009
    -29.3750       0.0053       0.0010
    -29.1250       0.0065       0.0011
    -28.8750       0.0078       0.0013
    -28.6250       0.0092       0.0014
    -28.3750       0.0109       0.0015
    -28.1250       0.0130       0.0017
    -27.8750       0.0153       0.0018
    -27.6250       0.0177       0.0019
    -27.3750       0.0205       0.0021
    -27.1250       0.0237       0.0022
    -26.8750       0.0272       0.0024
    -26.6250       0.0312       0.0025
    -26.3750       0.0354       0.0027
    -26.1250       0.0400       0.0028
    -25.8750       0.0450       0.0029
    -25.6250       0.0505       0.0031
    -25.3750       0.0562       0.0032
    -25.1250       0.0626       0.0033
    -24.8750       0.0691       0.0034
    -24.6250       0.0762       0.0036
    -24.3750       0.0831       0.0036
    -24.1250       0.0909       0.0038
    -23.8750       0.0989       0.0038
    -23.6250       0.1074       0.0040
    -23.3750       0.1155       0.0041
    -23.1250       0.1240       0.0042
    -22.8750       0.1328       0.0042
    -22.6250       0.1410       0.0044
    -22.3750       0.1494       0.0045
    -22.1250       0.1583       0.0046
    -21.8750       0.1659       0.0047
    -21.6250       0.1741       0.0049
    -21.3750       0.1817       0.0049
    -21.1250       0.1890       0.0050
    -20.8750       0.1961       0.0051
    -20.6250       0.2028       0.0051
    -20.3750       0.2087       0.0053
    -20.1250       0.2150       0.0052
    -19.8750       0.2203       0.0054
    -19.6250       0.2247       0.0055
    -19.3750       0.2287       0.0054
    -19.1250       0.2325       0.0054
    -18.8750       0.2360       0.0055
    -18.6250       0.2388       0.0056
    -18.3750       0.2409       0.0055
    -18.1250       0.2431       0.0055
    -17.8750       0.2443       0.0055
    -17.6250       0.2454       0.0055
    -17.3750       0.2459       0.0055
    -17.1250       0.2456       0.0054
    -16.8750       0.2457       0.0054
    -16.6250       0.2446       0.0054
    -16.3750       0.2436       0.0052
    -16.1250       0.2418       0.0052
    -15.8750       0.2393       0.0051
    -15.6250       0.2372       0.0051
    -15.3750       0.2337       0.0049
    -15.1250       0.2304       0.0049
    -14.8750       0.2276       0.0049
    -14.6250       0.2234       0.0047
    -14.3750       0.2197       0.0047
    -14.1250       0.2152       0.0046
    -13.8750       0.2108       0.0045
    -13.6250       0.2066       0.0045
    -13.3750       0.2024       0.0043
    -13.1250       0.1977       0.0042
    -12.8750       0.1940       0.0042
    -12.6250       0.1898       0.0041
    -12.3750       0.1857       0.0041
    -12.1250       0.1820       0.0040
    -11.8750       0.1783       0.0039
    -11.6250       0.1746       0.0038
    -11.3750       0.1712       0.0038
    -11.1250       0.1677       0.0038
    -10.8750       0.1648       0.0037
    -10.6250       0.1622       0.0036
    -10.3750       0.1595       0.0036
    -10.1250       0.1569       0.0035
     -9.8750       0.1548       0.0035
     -9.6250       0.1530       0.0034
     -9.3750       0.1511       0.0034
     -9.1250       0.1494       0.0033
     -8.8750       0.1480       0.0033
     -8.6250       0.1466       0.0032
     -8.3750       0.1453       0.0033
     -8.1250       0.1444       0.0032
     -7.8750       0.1433       0.0032
     -7.6250       0.1421       0.0031
     -7.3750       0.1415       0.0032
     -7.1250       0.1404       0.0031
     -6.8750       0.1393       0.0031
     -6.6250       0.1390       0.0031
     -6.3750       0.1380       0.0031
     -6.1250       0.1373       0.0031
     -5.8750       0.1364       0.0031
     -5.6250       0.1353       0.0030
     -5.3750       0.1344       0.0029
     -5.1250       0.1337       0.0031
     -4.8750       0.1327       0.0030
     -4.6250       0.1316       0.0030
     -4.3750       0.1309       0.0030
     -4.1250       0.1296       0.0030
     -3.8750       0.1289       0.0030
     -3.6250       0.1280       0.0029
     -3.3750       0.1266       0.0030
     -3.1250       0.1259       0.0029
     -2.8750       0.1248       0.0029
     -2.6250       0.1239       0.0029
     -2.3750       0.1230       0.0029
     -2.1250       0.1216       0.0029
     -1.8750       0.1207       0.0029
     -1.6250       0.1196       0.0029
     -1.3750       0.1191       0.0028
     -1.1250       0.1182       0.0029
     -0.8750       0.1179       0.0029
     -0.6250       0.1170       0.0029
     -0.3750       0.1167       0.0029
     -0.1250       0.1165       0.0028
      0.1250       0.1164       0.0029
      0.3750       0.1163       0.0029
      0.6250       0.1165       0.0029
      0.8750       0.1171       0.0029
      1.1250       0.1172       0.0029
      1.3750       0.1178       0.0029
      1.6250       0.1184       0.0029
      1.8750       0.1190       0.0029
      2.1250       0.1200       0.0028
      2.3750       0.1208       0.0029
      2.6250       0.1217       0.0029
      2.8750       0.1226       0.0030
      3.1250       0.1233       0.0029
      3.3750       0.1245       0.0029
      3.6250       0.1254       0.0029
      3.8750       0.1264       0.0029
      4.1250       0.1270       0.0030
      4.3750       0.1282       0.0030
      4.6250       0.1291       0.0030
      4.8750       0.1300       0.0030
      5.1250       0.1308       0.0030
      5.3750       0.1314       0.0030
      5.6250       0.1322       0.0030
      5.8750       0.1328       0.0030
      6.1250       0.1337       0.0030
      6.3750       0.1343       0.0030
      6.6250       0.1351       0.0031
      6.8750       0.1354       0.0030
      7.1250       0.1363       0.0030
      7.3750       0.1365       0.0031
      7.6250       0.1374       0.0031
      7.8750       0.1379       0.0030
      8.1250       0.1386       0.0031
      8.3750       0.1394       0.0031
      8.6250       0.1401       0.0031
      8.8750       0.1411       0.0031
      9.1250       0.1419       0.0032
      9.3750       0.1432       0.0032
      9.6250       0.1444       0.0033
      9.8750       0.1462       0.0034
     10.1250       0.1477       0.0034
     10.3750       0.1497       0.0035
     10.6250       0.1517       0.0035
     10.8750       0.1543       0.0036
     11.1250       0.1569       0.0036
     11.3750       0.1599       0.0037
     11.6250       0.1625       0.0038
     11.8750       0.1662       0.0038
     12.1250       0.1696       0.0039
     12.3750       0.1733       0.0039
     12.6250       0.1773       0.0040
     12.8750       0.1814       0.0041
     13.1250       0.1852       0.0041
     13.3750       0.1898       0.0042
     13.6250       0.1938       0.0042
     13.8750       0.1978       0.0043
     14.1250       0.2021       0.0044
     14.3750       0.2063       0.0044
     14.6250       0.2103       0.0046
     14.8750       0.2139       0.0046
     15.1250       0.2183       0.0047
     15.3750       0.2214       0.0047
     15.6250       0.2246       0.0048
     15.8750       0.2270       0.0049
     16.1250       0.2296       0.0049
     16.3750       0.2327       0.0050
     16.6250       0.2345       0.0050
     16.8750       0.2356       0.0051
     17.1250       0.2369       0.0052
     17.3750       0.2379       0.0051
     17.6250       0.2384       0.0053
     17.8750       0.2382       0.0053
     18.1250       0.2376       0.0053
     18.3750       0.2367       0.0055
     18.6250       0.2355       0.0054
     18.8750       0.2339       0.0055
     19.1250       0.2316       0.0056
     19.3750       0.2284       0.0056
     19.6250       0.2251       0.0056
     19.8750       0.2213       0.0057
     20.1250       0.2162       0.0056
     20.3750       0.2116       0.0055
     20.6250       0.2057       0.0055
     20.8750       0.1997       0.0054
     21.1250       0.1931       0.0053
     21.3750       0.1866       0.0052
     21.6250       0.1794       0.0051
     21.8750       0.1715       0.0049
     22.1250       0.1638       0.0048
     22.3750       0.1559       0.0046
     22.6250       0.1478       0.0044
     22.8750       0.1397       0.0043
     23.1250       0.1317       0.0042
     23.3750       0.1230       0.0041
     23.6250       0.1154       0.0039
     23.8750       0.1073       0.0039
     24.1250       0.0993       0.0039
     24.3750       0.0915       0.0037
     24.6250       0.0846       0.0036
     24.8750       0.0773       0.0035
     25.1250       0.0708       0.0034
     25.3750       0.0645       0.0034
     25.6250       0.0587       0.0033
     25.8750       0.0530       0.0032
     26.1250       0.0476       0.0031
     26.3750       0.0428       0.0031
     26.6250       0.0384       0.0030
     26.8750       0.0342       0.0028
     27.1250       0.0304       0.0027
     27.3750       0.0269       0.0026
     27.6250       0.0235       0.0024
     27.8750       0.0206       0.0023
     28.1250       0.0179       0.0022
     28.3750       0.0156       0.0021
     28.6250       0.0134       0.0019
     28.8750       0.0115       0.0018
     29.1250       0.0098       0.0016
     29.3750       0.0084       0.0015
     29.6250       0.0071       0.0014
     29.8750       0.0060       0.0012
     30.1250       0.0051       0.0011
     30.3750       0.0043       0.0010
     30.6250       0.0036       0.0009
     30.8750       0.0030       0.0009
     31.1250       0.0025       0.0008
     31.3750       0.0020       0.0007
     31.6250       0.0017       0.0006
     31.8750       0.0014       0.0006
     32.1250       0.0012       0.0005
     32.3750       0.0009       0.0004
     32.6250       0.0007       0.0004
     32.8750       0.0006       0.0003
     33.1250       0.0005       0.0003
     33.3750       0.0004       0.0002
     33.6250       0.0003       0.0002
     33.8750       0.0002       0.0002
     34.1250       0.0002       0.0002
     34.3750       0.0001       0.0001
     34.6250       0.0001       0.0001
     34.8750       0.0001       0.0001
     35.1250       0.0001       0.0001
     35.3750       0.0000       0.0001
     35.6250       0.0000       0.0001
     35.8750       0.0000       0.0001
     36.1250       0.0000       0.0000
     36.3750       0.0000       0.0000
     36.6250       0.0000       0.0000
     36.8750       0.0000       0.0000
     37.1250       0.0000       0.0000
     37.3750       0.0000       0.0000
     37.6250       0.0000       0.0000
     37.8750       0.0000       0.0000
     38.1250       0.0000       0.0000
     38.3750       0.0000       0.0000
     38.6250       0.0000       0.0000
     38.8750       0.0000       0.0000
     39.1250       0.0000       0.0000
     39.3750       0.0000       0.0000
     39.6250       0.0000       0.0000
     39.8750       0.0000       0.0000
     40.1250       0.0000       0.0000
     40.3750       0.0000       0.0000
     40.6250       0.0000       0.0000
     40.8750       0.0000       0.0000
     41.1250       0.0000       0.0000
     41.3750       0.0000       0.0000
     41.6250       0.0000       0.0000
